aspect.asc
ncols	346
nrows	395
xllcorner	37393081.8093
yllcorner	4168011.4434
cellsize	50
NODATA_value	-9999
[rows 124 to 154 of 395, columns 0 to 69 of 346]
317.39 278.43 306.33 329.04 329.83 277.97 273.87 320.19 91.47 91.07 161.57 190.49 188.84 22.77 20.45 206.57 193.57 343.61 350.80 78.90 357.14 220.24 247.71 216.87 285.95 296.85 295.82 289.49 110.22 102.67 95.41 90.00 276.23 184.88 267.61 91.81 61.29 85.31 42.11 281.31 196.39 53.82 43.57 315.00 183.47 271.85 195.64 203.20 -9999.00 -9999.00 -9999.00 -9999.00 -9999.00 -9999.00 -9999.00 -9999.00 -9999.00 -9999.00 -9999.00 -9999.00 -9999.00 -9999.00 -9999.00 -9999.00 -9999.00 -9999.00 -9999.00 -9999.00 -9999.00 -9999.00
332.53 23.52 91.07 1.04 201.71 211.97 223.89 234.30 247.52 253.64 257.62 164.69 156.96 269.41 278.70 298.55 295.48 231.91 259.85 228.58 209.05 111.61 92.68 26.00 29.29 25.71 349.99 298.86 277.31 37.23 347.01 345.58 72.05 341.57 300.70 298.61 302.64 298.95 168.69 138.24 143.32 143.00 137.42 145.94 140.06 110.22 13.57 17.56 85.82 286.63 183.73 198.43 221.42 233.53 212.06 271.97 349.16 15.41 3.12 288.43 275.59 73.39 27.31 40.91 284.66 343.71 85.18 328.24 192.99 203.20
148.02 127.22 115.52 309.40 313.80 331.37 318.63 327.53 90.29 91.47 59.04 271.76 182.54 283.89 338.03 356.99 24.00 22.77 48.12 180.82 188.97 280.58 67.99 90.00 8.64 337.75 297.68 299.67 36.57 96.46 71.57 313.97 58.28 28.20 212.56 228.75 56.31 316.51 290.82 162.65 125.46 118.30 104.49 4.92 18.43 92.35 101.31 36.87 328.47 318.37 341.94 1.17 102.85 271.31 273.65 271.42 270.49 273.99 181.01 296.57 5.19 153.43 164.48 179.09 198.43 298.35 291.55 204.59 243.76 246.80
354.47 27.76 340.39 328.39 74.17 338.96 342.12 97.33 101.53 9.69 290.79 281.15 110.02 102.26 304.45 315.00 35.93 15.95 182.73 304.38 285.57 180.54 97.52 9.64 322.85 323.34 324.01 309.45 59.04 108.13 110.87 104.66 291.61 279.01 288.43 315.00 27.90 105.56 99.07 308.91 309.81 24.03 11.09 292.56 275.78 193.71 127.35 114.62 115.17 124.33 125.54 128.39 151.34 299.88 336.58 315.00 313.24 17.73 4.03 78.69 187.80 193.84 216.87 88.60 347.91 16.61 14.68 62.65 185.15 191.92
161.57 162.39 250.16 211.31 183.96 290.77 105.59 139.03 163.19 156.42 140.34 110.73 107.87 201.61 270.66 185.79 126.38 5.09 62.10 290.61 331.70 340.07 338.96 92.68 107.72 1.74 301.85 56.89 13.39 332.99 351.75 347.91 278.13 284.81 1.91 95.43 5.50 286.08 276.01 155.73 118.94 107.45 308.16 292.92 293.20 73.61 99.39 96.50 63.10 334.29 74.74 48.30 330.95 335.46 72.03 349.80 81.12 18.81 10.89 184.13 190.95 144.73 119.89 131.73 321.04 65.91 37.41 211.64 158.39 290.56
-9999.00 -9999.00 -9999.00 -9999.00 -9999.00 5.93 9.46 84.81 78.57 46.23 41.35 301.72 286.39 294.04 305.11 22.11 7.18 42.23 49.76 126.25 145.95 125.66 128.55 140.53 337.83 332.38 55.62 99.46 205.84 217.71 193.13 296.97 310.73 80.06 41.96 58.82 292.57 288.10 293.84 291.80 92.29 95.98 12.09 68.70 63.43 66.61 357.44 85.60 163.74 155.65 146.45 140.19 340.51 338.57 340.85 67.71 77.74 290.32 144.02 127.98 123.77 113.84 92.49 292.72 289.35 51.34 0.77 13.24 279.38 83.29
-9999.00 -9999.00 -9999.00 -9999.00 -9999.00 -9999.00 -9999.00 -9999.00 -9999.00 -9999.00 -9999.00 -9999.00 -9999.00 -9999.00 -9999.00 -9999.00 -9999.00 -9999.00 -9999.00 -9999.00 -9999.00 -9999.00 -9999.00 -9999.00 -9999.00 -9999.00 -9999.00 -9999.00 -9999.00 -9999.00 -9999.00 -9999.00 -9999.00 -9999.00 -9999.00 -9999.00 -9999.00 -9999.00 -9999.00 -9999.00 -9999.00 -9999.00 -9999.00 -9999.00 -9999.00 -9999.00 -9999.00 -9999.00 -9999.00 -9999.00 -9999.00 -9999.00 -9999.00 -9999.00 11.06 17.17 39.29 58.39 108.43 108.43 309.17 293.94 292.81 292.47 53.13 98.02 4.40 72.18 284.47 257.97
-9999.00 -9999.00 -9999.00 -9999.00 -9999.00 -9999.00 -9999.00 -9999.00 -9999.00 -9999.00 -9999.00 -9999.00 -9999.00 -9999.00 -9999.00 -9999.00 -9999.00 -9999.00 -9999.00 -9999.00 -9999.00 -9999.00 -9999.00 -9999.00 -9999.00 -9999.00 -9999.00 -9999.00 -9999.00 -9999.00 -9999.00 -9999.00 -9999.00 -9999.00 -9999.00 -9999.00 -9999.00 -9999.00 -9999.00 -9999.00 -9999.00 -9999.00 -9999.00 -9999.00 -9999.00 -9999.00 -9999.00 -9999.00 -9999.00 -9999.00 -9999.00 -9999.00 -9999.00 -9999.00 -9999.00 -9999.00 -9999.00 -9999.00 -9999.00 -9999.00 -9999.00 -9999.00 -9999.00 -9999.00 -9999.00 -9999.00 -9999.00 -9999.00 -9999.00 -9999.00
38.21 86.71 85.99 70.08 86.31 239.04 233.91 237.07 254.79 155.30 142.62 182.23 316.42 339.28 336.45 322.26 275.06 178.75 162.87 234.95 282.68 297.69 0.58 102.72 133.15 156.04 136.68 133.00 122.66 7.65 10.49 308.99 289.74 303.96 100.14 99.89 45.00 235.62 222.67 211.97 192.80 354.92 87.15 346.69 351.11 352.61 -9999.00 -9999.00 -9999.00 -9999.00 -9999.00 -9999.00 -9999.00 -9999.00 -9999.00 -9999.00 -9999.00 -9999.00 -9999.00 -9999.00 -9999.00 -9999.00 -9999.00 -9999.00 -9999.00 -9999.00 -9999.00 -9999.00 -9999.00 -9999.00
273.81 289.33 314.45 351.20 79.45 62.10 323.13 212.54 233.13 245.25 257.55 175.84 136.36 5.71 311.82 293.96 345.96 0.00 296.26 331.50 358.15 359.14 104.57 105.26 39.64 344.17 261.87 244.03 244.20 260.94 169.94 236.85 203.75 203.33 197.28 222.27 130.47 125.37 129.39 117.26 315.00 307.00 27.90 2.83 19.09 276.57 276.15 83.85 30.26 36.96 84.21 80.75 244.98 239.35 237.88 236.55 236.38 253.64 157.50 140.19 155.56 232.31 181.27 273.30 287.85 294.83 281.82 168.31 169.92 214.99
359.52 356.38 83.66 111.04 140.19 145.78 135.00 -9999.00 315.00 337.14 359.01 79.38 325.54 321.13 49.03 94.76 277.98 286.72 297.94 22.93 102.09 107.02 253.81 271.11 301.39 338.11 59.49 42.38 40.53 353.42 278.55 282.20 21.90 52.59 279.09 293.06 315.00 335.43 9.71 6.63 329.42 312.35 322.13 117.58 123.35 127.65 122.01 118.55 115.92 104.04 311.39 338.31 88.07 87.58 341.13 288.85 277.22 274.90 186.75 229.18 152.74 125.79 115.91 48.01 333.43 344.88 281.73 194.93 20.32 74.41
263.13 165.89 164.90 173.99 127.87 173.66 207.90 337.93 84.35 355.10 339.41 336.91 87.78 87.95 87.68 43.38 21.33 0.00 351.87 75.96 349.51 353.97 74.95 76.53 308.37 89.22 357.16 359.45 71.22 85.97 341.57 355.52 69.69 44.42 195.95 250.53 159.23 329.04 89.01 338.50 327.09 79.46 45.86 38.99 251.57 164.74 120.70 262.18 255.16 268.43 257.07 261.75 268.05 170.54 156.49 148.57 180.00 245.56 267.17 168.69 150.71 323.13 323.34 347.59 33.27 313.32 295.27 312.49 0.00 24.09
294.33 2.25 23.75 294.06 297.41 14.79 53.47 280.97 289.65 21.70 18.99 14.68 274.04 272.05 293.20 77.28 10.80 10.83 11.17 62.24 315.91 331.49 80.98 61.02 55.33 64.18 83.83 60.26 86.82 348.11 188.13 268.36 125.84 131.63 74.36 356.63 359.09 88.65 89.61 359.49 71.57 157.83 253.61 254.74 157.91 140.95 159.30 235.89 232.09 255.32 163.28 152.20 163.33 266.56 175.41 266.23 268.06 164.13 160.11 170.54 329.04 85.76 358.21 358.91 73.37 68.20 239.04 245.10 267.46 167.59
-9999.00 -9999.00 -9999.00 -9999.00 52.13 312.27 285.95 104.53 93.21 13.28 12.01 15.71 333.43 334.50 347.38 350.40 39.45 44.19 322.24 76.81 74.39 326.06 323.55 36.57 100.59 109.09 188.03 184.84 271.44 295.20 93.37 102.11 94.50 297.96 302.97 82.18 15.62 56.69 195.15 145.84 91.40 337.54 320.44 354.29 132.61 136.59 131.49 128.20 132.27 317.68 47.49 33.83 329.31 328.70 40.82 76.48 283.96 276.01 100.68 92.44 7.32 286.70 280.33 330.95 358.64 59.80 23.06 25.30 33.49 354.34
-9999.00 -9999.00 -9999.00 -9999.00 -9999.00 -9999.00 -9999.00 -9999.00 -9999.00 -9999.00 -9999.00 -9999.00 -9999.00 -9999.00 -9999.00 -9999.00 -9999.00 -9999.00 -9999.00 -9999.00 -9999.00 -9999.00 -9999.00 -9999.00 -9999.00 -9999.00 -9999.00 -9999.00 -9999.00 -9999.00 -9999.00 -9999.00 -9999.00 -9999.00 -9999.00 -9999.00 -9999.00 -9999.00 -9999.00 -9999.00 -9999.00 -9999.00 -9999.00 -9999.00 -9999.00 -9999.00 -9999.00 -9999.00 -9999.00 -9999.00 -9999.00 -9999.00 -9999.00 17.50 338.04 340.73 83.12 31.32 30.79 40.09 102.26 267.99 117.55 87.97 339.87 83.66 60.16 346.61 352.16 62.63
-9999.00 -9999.00 -9999.00 -9999.00 -9999.00 -9999.00 -9999.00 -9999.00 -9999.00 -9999.00 -9999.00 -9999.00 -9999.00 -9999.00 -9999.00 -9999.00 -9999.00 -9999.00 -9999.00 -9999.00 -9999.00 -9999.00 -9999.00 -9999.00 -9999.00 -9999.00 -9999.00 -9999.00 -9999.00 -9999.00 -9999.00 -9999.00 -9999.00 -9999.00 -9999.00 -9999.00 -9999.00 -9999.00 -9999.00 -9999.00 -9999.00 -9999.00 -9999.00 -9999.00 -9999.00 -9999.00 -9999.00 -9999.00 -9999.00 -9999.00 -9999.00 -9999.00 -9999.00 -9999.00 -9999.00 -9999.00 -9999.00 -9999.00 -9999.00 -9999.00 -9999.00 -9999.00 -9999.00 -9999.00 -9999.00 -9999.00 -9999.00 -9999.00 -9999.00 -9999.00
246.80 274.90 312.85 85.91 78.69 292.71 272.63 270.00 185.94 187.43 351.87 28.02 25.56 43.47 352.63 347.32 342.51 323.49 73.30 345.63 319.84 334.32 67.48 95.30 104.69 104.98 35.84 79.99 280.01 172.87 125.62 112.42 116.57 191.06 206.88 221.96 236.05 242.10 175.60 41.95 34.01 56.31 145.30 114.40 13.57 319.27 271.74 207.62 -9999.00 -9999.00 -9999.00 -9999.00 -9999.00 -9999.00 -9999.00 -9999.00 -9999.00 -9999.00 -9999.00 -9999.00 -9999.00 -9999.00 -9999.00 -9999.00 -9999.00 -9999.00 -9999.00 -9999.00 -9999.00 -9999.00
277.99 272.82 185.95 185.93 52.13 43.94 81.57 334.80 300.47 59.68 351.09 337.71 96.24 91.16 27.65 272.00 203.61 261.06 169.95 234.93 276.07 201.55 252.62 174.45 163.24 159.74 159.55 180.00 354.47 344.31 330.35 0.00 9.96 7.19 319.71 320.29 5.78 83.81 318.73 14.80 8.91 208.30 223.99 252.98 180.00 176.85 266.11 256.91 256.25 263.37 178.73 171.67 254.98 249.06 222.23 277.59 292.01 293.53 317.66 69.30 51.44 40.70 33.04 351.47 337.38 345.02 321.24 55.62 350.39 311.92
17.48 8.84 147.53 189.50 205.63 261.03 160.42 145.95 119.88 109.82 135.00 219.58 264.47 162.68 166.37 165.75 265.97 169.70 130.87 124.94 208.67 208.72 165.96 115.25 130.87 153.25 148.90 133.03 86.63 84.64 346.18 350.68 81.10 330.03 312.17 339.44 16.43 300.65 282.36 294.19 324.09 57.53 41.19 3.63 100.33 106.70 112.17 149.04 281.31 283.24 281.78 272.41 182.84 90.00 19.16 86.63 315.00 291.37 6.91 50.60 341.57 59.14 29.11 251.57 203.20 199.47 221.78 158.73 139.30 275.08
85.82 338.63 79.67 47.86 83.96 81.16 3.67 95.44 92.56 113.43 212.63 211.32 225.97 255.88 124.61 115.64 147.88 123.57 138.90 203.73 206.57 241.75 158.26 257.31 198.43 22.23 25.38 18.43 5.19 198.43 189.18 210.50 175.72 268.70 283.19 339.96 75.96 324.21 14.62 12.99 15.18 2.73 132.84 228.81 291.16 305.54 326.75 325.35 39.71 100.01 104.09 168.69 180.89 270.56 204.68 151.19 136.70 134.09 119.48 128.78 202.05 235.15 162.74 164.62 171.72 174.69 140.71 106.52 145.92 214.02
82.60 358.28 75.38 63.68 260.54 225.96 179.08 157.38 278.72 182.97 245.26 179.12 173.61 257.15 241.70 176.19 75.96 45.00 33.84 23.13 9.32 292.38 306.87 345.41 330.61 282.88 192.09 96.71 95.10 7.96 9.94 237.88 204.48 201.37 218.66 97.00 8.33 7.55 101.55 238.30 263.37 226.74 285.19 280.12 220.52 204.04 305.84 40.30 5.57 18.84 352.13 359.36 66.43 356.79 326.15 3.24 97.22 4.79 255.96 196.98 195.33 198.08 259.62 119.78 137.75 159.49 123.61 127.28 184.13 181.01
92.00 158.96 227.45 258.42 130.24 9.32 23.20 149.04 219.65 229.09 167.54 105.15 16.49 48.71 56.21 11.31 251.57 217.81 208.30 174.75 151.89 143.91 136.66 147.26 166.26 316.33 326.31 327.87 332.59 24.71 13.28 271.85 32.20 39.47 182.01 180.98 298.07 66.94 80.71 323.13 128.84 129.32 138.46 151.60 149.38 15.75 45.00 75.55 64.03 239.04 177.88 267.21 246.13 252.20 241.74 142.70 91.49 291.67 284.21 272.56 223.57 259.82 167.01 32.97 62.30 76.51 63.81 55.50 51.04 18.43
-9999.00 -9999.00 -9999.00 -9999.00 -9999.00 -9999.00 -9999.00 -9999.00 -9999.00 -9999.00 -9999.00 -9999.00 -9999.00 -9999.00 -9999.00 -9999.00 -9999.00 -9999.00 -9999.00 -9999.00 -9999.00 -9999.00 -9999.00 -9999.00 -9999.00 -9999.00 -9999.00 -9999.00 -9999.00 -9999.00 -9999.00 -9999.00 -9999.00 -9999.00 -9999.00 -9999.00 -9999.00 -9999.00 -9999.00 -9999.00 -9999.00 -9999.00 -9999.00 -9999.00 -9999.00 -9999.00 -9999.00 -9999.00 97.80 96.34 49.57 311.63 357.93 46.19 27.47 17.82 204.44 204.10 221.99 125.94 96.17 3.86 12.24 34.99 209.74 253.77 244.03 198.60 231.58 150.69
-9999.00 -9999.00 -9999.00 -9999.00 -9999.00 -9999.00 -9999.00 -9999.00 -9999.00 -9999.00 -9999.00 -9999.00 -9999.00 -9999.00 -9999.00 -9999.00 -9999.00 -9999.00 -9999.00 -9999.00 -9999.00 -9999.00 -9999.00 -9999.00 -9999.00 -9999.00 -9999.00 -9999.00 -9999.00 -9999.00 -9999.00 -9999.00 -9999.00 -9999.00 -9999.00 -9999.00 -9999.00 -9999.00 -9999.00 -9999.00 -9999.00 -9999.00 -9999.00 -9999.00 -9999.00 -9999.00 -9999.00 -9999.00 -9999.00 -9999.00 -9999.00 -9999.00 -9999.00 -9999.00 -9999.00 -9999.00 -9999.00 -9999.00 -9999.00 -9999.00 -9999.00 -9999.00 -9999.00 -9999.00 -9999.00 -9999.00 -9999.00 -9999.00 -9999.00 -9999.00
173.37 117.53 107.67 2.39 9.78 10.95 313.32 296.57 299.25 103.82 99.63 92.73 275.86 183.60 204.84 162.85 123.60 112.42 92.86 300.02 308.57 48.09 27.84 82.13 349.61 60.26 29.74 9.04 225.00 273.99 248.20 258.94 154.98 239.53 227.34 237.09 210.53 249.83 137.49 120.38 297.70 291.10 197.24 204.27 200.85 247.93 245.47 221.19 -9999.00 -9999.00 -9999.00 -9999.00 -9999.00 -9999.00 -9999.00 -9999.00 -9999.00 -9999.00 -9999.00 -9999.00 -9999.00 -9999.00 -9999.00 -9999.00 -9999.00 -9999.00 -9999.00 -9999.00 -9999.00 -9999.00
272.69 292.54 86.99 102.17 103.39 41.42 72.79 57.53 207.55 214.82 273.81 181.22 191.31 342.47 64.12 331.57 316.79 344.36 344.74 324.09 328.35 349.34 83.11 125.96 129.47 117.90 339.44 319.93 328.28 5.19 104.37 106.07 97.70 301.59 357.40 16.39 5.44 186.07 185.19 280.86 303.08 297.96 23.50 26.57 293.20 188.39 192.17 274.40 293.91 306.53 119.52 128.29 138.26 144.82 141.27 114.08 317.35 307.57 60.95 95.97 100.10 184.09 187.26 190.53 169.99 111.80 108.43 99.38 322.43 309.62
163.55 124.51 30.02 341.57 303.85 277.50 213.39 156.04 128.70 140.41 188.13 273.47 235.95 133.41 148.27 158.37 248.20 25.02 96.04 121.55 218.88 221.22 146.89 168.00 235.99 165.47 98.64 91.59 147.91 226.55 176.74 146.77 138.14 126.60 149.70 157.56 156.21 158.75 337.20 343.38 341.06 318.64 313.57 5.71 103.36 194.93 283.09 278.51 188.50 300.68 315.59 321.91 101.94 118.70 125.34 106.31 322.43 194.96 242.14 258.83 232.03 316.74 63.64 71.57 309.04 309.60 344.51 338.07 317.23 320.33
28.35 64.98 68.90 41.10 191.31 281.45 299.28 346.10 333.00 337.69 316.06 284.70 272.83 249.34 130.30 123.87 122.01 159.34 276.55 303.23 311.58 282.92 218.16 101.15 98.75 113.10 125.42 197.18 279.67 292.98 298.35 299.36 298.52 103.11 105.64 108.25 111.37 117.76 202.83 186.78 188.47 151.31 122.85 123.39 265.24 181.08 273.87 305.54 7.52 90.00 2.39 8.13 349.82 300.60 293.20 294.29 299.05 126.38 131.92 239.70 181.30 290.46 4.40 97.31 92.20 25.02 72.82 99.02 120.96 202.71
307.55 95.53 128.22 236.31 207.76 137.68 108.27 103.60 281.98 293.88 293.00 270.00 132.14 90.29 20.10 88.53 16.90 4.61 180.64 207.61 175.24 294.15 331.70 325.89 305.31 297.65 284.04 128.29 130.60 269.27 208.50 192.53 3.24 98.50 146.82 155.77 155.07 139.57 17.65 72.22 328.67 330.48 35.42 343.77 311.63 23.10 37.23 329.04 83.66 32.68 40.24 237.76 255.11 168.37 302.74 330.50 352.79 335.83 348.82 330.69 300.58 293.58 292.17 122.47 119.69 122.61 133.26 205.35 190.20 213.69
-9999.00 -9999.00 20.22 5.10 31.56 49.73 53.88 91.68 124.46 230.95 229.56 233.50 304.99 340.82 76.64 34.51 16.43 25.91 315.00 306.21 303.91 247.38 152.82 157.62 227.79 205.64 157.42 144.22 139.11 142.91 155.77 158.13 145.62 124.38 317.29 77.20 355.24 344.25 38.16 236.98 212.04 199.65 194.51 213.27 139.55 140.64 145.34 153.60 218.19 183.87 209.36 151.90 269.48 206.22 20.06 2.39 100.89 112.07 281.31 182.88 190.10 115.02 103.09 97.48 49.55 48.09 24.78 284.97 185.19 174.92
-9999.00 -9999.00 -9999.00 -9999.00 -9999.00 -9999.00 -9999.00 -9999.00 -9999.00 -9999.00 -9999.00 -9999.00 -9999.00 -9999.00 -9999.00 -9999.00 -9999.00 -9999.00 -9999.00 -9999.00 -9999.00 -9999.00 -9999.00 -9999.00 -9999.00 -9999.00 -9999.00 -9999.00 -9999.00 -9999.00 -9999.00 -9999.00 -9999.00 -9999.00 -9999.00 -9999.00 -9999.00 -9999.00 -9999.00 -9999.00 -9999.00 -9999.00 -9999.00 -9999.00 -9999.00 -9999.00 -9999.00 -9999.00 -9999.00 -9999.00 -9999.00 -9999.00 -9999.00 104.10 122.47 247.38 160.71 178.13 237.91 238.92 265.50 111.43 58.54 86.48 55.57 4.51 102.65 0.00 303.04 300.26
