aspect.asc
ncols	346
nrows	395
xllcorner	37393081.8093
yllcorner	4168011.4434
cellsize	50
NODATA_value	-9999
[rows 217 to 247 of 395, columns 0 to 69 of 346]
-9999.00 -9999.00 -9999.00 -9999.00 -9999.00 -9999.00 -9999.00 -9999.00 -9999.00 -9999.00 -9999.00 -9999.00 -9999.00 -9999.00 -9999.00 -9999.00 -9999.00 -9999.00 -9999.00 -9999.00 -9999.00 -9999.00 -9999.00 -9999.00 -9999.00 -9999.00 -9999.00 -9999.00 -9999.00 -9999.00 -9999.00 -9999.00 -9999.00 -9999.00 -9999.00 -9999.00 -9999.00 -9999.00 -9999.00 -9999.00 -9999.00 -9999.00 -9999.00 -9999.00 -9999.00 -9999.00 -9999.00 -9999.00 -9999.00 -9999.00 -9999.00 -9999.00 -9999.00 -9999.00 -9999.00 -9999.00 -9999.00 -9999.00 -9999.00 -9999.00 -9999.00 -9999.00 -9999.00 -9999.00 -9999.00 -9999.00 -9999.00 -9999.00 -9999.00 -9999.00
354.69 353.83 308.09 -9999.00 -9999.00 -9999.00 -9999.00 -9999.00 -9999.00 -9999.00 -9999.00 -9999.00 -9999.00 -9999.00 -9999.00 -9999.00 -9999.00 -9999.00 -9999.00 -9999.00 -9999.00 -9999.00 -9999.00 -9999.00 -9999.00 -9999.00 -9999.00 -9999.00 -9999.00 -9999.00 -9999.00 -9999.00 -9999.00 -9999.00 -9999.00 -9999.00 -9999.00 -9999.00 -9999.00 -9999.00 -9999.00 -9999.00 -9999.00 -9999.00 -9999.00 -9999.00 -9999.00 -9999.00 -9999.00 -9999.00 -9999.00 -9999.00 -9999.00 -9999.00 -9999.00 -9999.00 -9999.00 -9999.00 -9999.00 -9999.00 -9999.00 -9999.00 -9999.00 -9999.00 -9999.00 -9999.00 -9999.00 -9999.00 -9999.00 -9999.00
235.62 235.86 225.00 125.71 91.57 29.32 65.17 347.66 311.50 78.23 349.59 293.96 131.19 150.57 167.74 170.78 169.41 152.79 116.98 313.05 298.11 299.89 70.82 90.52 93.29 274.76 274.29 50.19 16.07 28.53 202.17 212.86 228.50 258.44 150.33 39.92 58.19 326.94 313.36 88.03 69.33 63.78 57.42 340.84 305.06 350.54 74.38 84.68 359.63 338.67 275.44 218.56 -9999.00 -9999.00 -9999.00 -9999.00 -9999.00 -9999.00 -9999.00 -9999.00 -9999.00 -9999.00 -9999.00 -9999.00 -9999.00 -9999.00 -9999.00 -9999.00 -9999.00 -9999.00
127.76 122.22 351.87 352.48 28.69 295.50 280.15 51.20 333.63 339.78 111.21 110.59 97.64 49.90 0.00 205.35 201.31 190.11 292.01 337.99 86.26 84.32 88.68 359.55 327.30 337.56 355.10 305.43 316.51 329.39 319.40 309.69 303.11 120.56 125.15 136.54 165.05 246.62 229.95 196.02 348.27 77.47 351.59 72.06 35.17 91.64 175.24 191.31 275.96 187.05 213.69 233.28 107.02 1.22 19.36 57.80 315.00 316.36 71.57 310.82 275.19 135.00 159.78 180.00 176.42 143.75 120.66 116.94 123.69 300.70
16.70 63.97 53.58 42.55 347.28 341.36 349.30 355.70 55.36 4.88 106.64 115.75 135.00 296.11 300.28 354.61 39.76 45.00 203.55 202.02 228.81 172.71 158.76 163.81 239.04 243.99 256.91 203.88 285.42 337.83 336.04 325.47 0.00 32.95 57.65 75.86 51.58 220.40 234.70 256.81 212.38 202.38 257.47 133.32 17.88 62.45 345.52 325.62 328.11 112.62 122.43 115.76 74.98 49.16 287.49 182.64 93.12 73.77 324.54 58.32 15.80 16.56 30.07 183.81 287.02 300.65 322.63 342.70 89.08 75.58
345.12 348.30 42.85 94.62 117.65 161.86 180.00 144.46 342.01 339.32 35.77 28.11 307.00 319.62 340.88 325.45 9.46 107.46 104.60 9.25 311.37 289.29 281.45 287.19 295.89 24.15 99.46 92.09 312.58 322.50 33.69 298.81 281.15 327.38 19.69 13.65 352.75 313.81 280.22 279.83 324.46 129.29 110.17 10.58 64.98 88.10 87.14 66.74 55.90 45.00 255.62 172.57 154.98 150.42 14.93 84.88 355.48 83.14 71.03 41.19 15.95 90.00 315.00 307.87 0.00 37.15 190.30 189.93 181.15 183.09
330.45 327.41 333.43 120.56 45.00 43.04 16.81 297.28 300.20 306.87 312.10 293.90 185.44 161.57 102.53 123.20 178.88 171.10 127.41 180.00 192.88 190.30 192.94 204.78 147.26 115.17 113.83 128.16 139.76 134.13 159.15 160.43 167.08 155.11 151.44 161.03 161.91 167.69 169.03 174.56 0.00 356.58 88.21 59.32 102.17 110.22 358.36 324.01 326.20 343.81 342.37 352.16 32.59 91.25 167.47 258.69 142.85 114.21 359.36 89.17 45.68 336.80 329.84 337.27 309.04 303.69 109.63 105.85 96.84 301.76
-9999.00 -9999.00 -9999.00 -9999.00 -9999.00 -9999.00 -9999.00 -9999.00 -9999.00 -9999.00 -9999.00 -9999.00 -9999.00 -9999.00 -9999.00 -9999.00 -9999.00 -9999.00 -9999.00 -9999.00 -9999.00 -9999.00 -9999.00 -9999.00 -9999.00 -9999.00 -9999.00 -9999.00 -9999.00 -9999.00 -9999.00 -9999.00 -9999.00 -9999.00 118.11 108.43 2.12 43.96 33.69 91.12 229.40 263.99 96.55 91.44 242.47 248.96 175.53 304.82 327.58 327.43 316.23 299.65 111.80 115.39 128.37 123.81 177.27 284.64 295.87 307.36 312.46 335.22 86.88 60.73 74.48 216.03 133.96 94.21 77.74 302.38
-9999.00 -9999.00 -9999.00 -9999.00 -9999.00 -9999.00 -9999.00 -9999.00 -9999.00 -9999.00 -9999.00 -9999.00 -9999.00 -9999.00 -9999.00 -9999.00 -9999.00 -9999.00 -9999.00 -9999.00 -9999.00 -9999.00 -9999.00 -9999.00 -9999.00 -9999.00 -9999.00 -9999.00 -9999.00 -9999.00 -9999.00 -9999.00 -9999.00 -9999.00 -9999.00 -9999.00 -9999.00 -9999.00 -9999.00 -9999.00 -9999.00 -9999.00 -9999.00 -9999.00 -9999.00 -9999.00 -9999.00 -9999.00 -9999.00 -9999.00 -9999.00 -9999.00 -9999.00 -9999.00 -9999.00 -9999.00 -9999.00 -9999.00 -9999.00 -9999.00 -9999.00 -9999.00 -9999.00 -9999.00 -9999.00 -9999.00 -9999.00 -9999.00 -9999.00 -9999.00
38.72 357.46 354.51 -9999.00 -9999.00 -9999.00 -9999.00 -9999.00 -9999.00 -9999.00 -9999.00 -9999.00 -9999.00 -9999.00 -9999.00 -9999.00 -9999.00 -9999.00 -9999.00 -9999.00 -9999.00 -9999.00 -9999.00 -9999.00 -9999.00 -9999.00 -9999.00 -9999.00 -9999.00 -9999.00 -9999.00 -9999.00 -9999.00 -9999.00 -9999.00 -9999.00 -9999.00 -9999.00 -9999.00 -9999.00 -9999.00 -9999.00 -9999.00 -9999.00 -9999.00 -9999.00 -9999.00 -9999.00 -9999.00 -9999.00 -9999.00 -9999.00 -9999.00 -9999.00 -9999.00 -9999.00 -9999.00 -9999.00 -9999.00 -9999.00 -9999.00 -9999.00 -9999.00 -9999.00 -9999.00 -9999.00 -9999.00 -9999.00 -9999.00 -9999.00
238.32 172.94 147.14 129.96 99.69 8.39 60.26 285.95 281.31 201.25 126.18 124.16 287.24 290.87 287.98 282.09 116.57 122.18 135.00 149.79 165.84 173.66 151.19 136.85 79.59 275.91 209.89 280.12 71.14 67.98 71.10 125.91 243.43 242.74 235.56 286.65 309.60 303.11 302.20 184.09 204.23 211.46 252.95 166.76 267.97 215.17 281.31 72.76 48.01 60.17 346.10 79.16 321.05 -9999.00 -9999.00 -9999.00 -9999.00 -9999.00 -9999.00 -9999.00 -9999.00 -9999.00 -9999.00 -9999.00 -9999.00 -9999.00 -9999.00 -9999.00 -9999.00 -9999.00
156.04 159.34 135.95 121.72 337.25 353.21 67.95 34.92 185.53 190.28 284.57 349.80 346.61 332.41 335.07 326.31 320.97 323.62 122.47 158.96 251.57 166.57 148.63 153.92 161.57 210.53 297.47 332.10 318.81 204.44 185.19 270.00 274.64 33.31 34.85 346.83 324.35 40.33 1.97 5.91 181.97 187.79 278.97 43.83 28.72 64.98 183.47 195.83 211.22 220.10 256.43 136.85 123.91 122.01 97.31 39.09 293.79 279.46 186.71 147.53 122.96 102.53 299.14 295.58 296.13 7.70 101.66 106.28 112.80 156.80
304.33 92.07 127.44 140.71 99.61 42.68 14.39 103.39 90.91 16.61 12.26 6.22 5.71 -9999.00 315.00 275.19 271.27 277.55 42.80 333.43 290.87 293.20 6.15 22.99 74.84 47.20 194.57 239.61 140.91 203.34 196.82 212.91 208.30 239.74 128.45 95.34 27.32 351.87 284.66 188.53 183.58 290.74 329.66 56.31 102.99 105.77 55.62 329.53 216.87 156.49 147.44 136.12 141.47 139.85 2.12 69.06 61.46 274.47 277.24 344.74 348.21 298.50 293.59 305.54 304.90 299.51 292.52 231.34 164.98 221.19
153.30 152.07 124.86 107.74 99.87 109.16 162.47 249.03 160.96 140.84 148.60 250.56 235.18 257.38 172.33 161.87 147.34 135.00 135.00 -9999.00 -9999.00 315.00 322.13 318.65 318.33 74.05 28.30 180.52 279.46 69.18 48.88 284.86 271.93 296.57 14.26 45.00 285.41 287.65 298.89 68.96 352.78 337.33 350.46 355.05 48.25 31.26 64.29 320.09 326.58 343.12 356.31 74.41 96.55 106.43 1.33 38.57 30.22 6.01 6.13 99.21 111.11 108.43 -9999.00 -9999.00 271.52 278.36 337.29 60.73 304.32 285.41
302.97 301.87 75.96 9.83 59.04 303.16 302.01 115.82 115.35 106.93 338.81 335.75 67.33 50.44 45.00 355.91 275.10 286.49 340.59 64.59 80.39 85.24 117.03 23.20 74.93 320.57 307.75 305.54 303.59 338.20 348.23 69.44 23.63 20.56 99.20 121.37 154.71 215.77 199.40 9.21 93.01 129.41 247.97 217.05 220.67 258.23 148.11 6.23 34.99 49.29 41.56 38.87 34.22 269.34 165.05 268.01 261.78 158.60 147.09 153.79 179.41 219.92 238.45 164.52 147.05 133.57 123.16 151.50 264.29 163.61
-9999.00 -9999.00 -9999.00 -9999.00 -9999.00 -9999.00 -9999.00 -9999.00 -9999.00 -9999.00 -9999.00 -9999.00 -9999.00 -9999.00 -9999.00 -9999.00 -9999.00 -9999.00 -9999.00 -9999.00 -9999.00 -9999.00 -9999.00 -9999.00 -9999.00 -9999.00 -9999.00 -9999.00 -9999.00 -9999.00 -9999.00 -9999.00 -9999.00 148.69 155.94 148.45 117.86 94.67 45.70 40.32 11.31 200.26 207.95 259.99 145.62 130.60 111.04 32.62 349.99 310.24 315.92 323.75 91.59 8.62 308.23 301.18 315.00 125.75 123.69 101.73 351.25 84.37 80.54 38.80 349.88 287.67 286.53 66.04 39.69 318.30
-9999.00 -9999.00 -9999.00 -9999.00 -9999.00 -9999.00 -9999.00 -9999.00 -9999.00 -9999.00 -9999.00 -9999.00 -9999.00 -9999.00 -9999.00 -9999.00 -9999.00 -9999.00 -9999.00 -9999.00 -9999.00 -9999.00 -9999.00 -9999.00 -9999.00 -9999.00 -9999.00 -9999.00 -9999.00 -9999.00 -9999.00 -9999.00 -9999.00 -9999.00 -9999.00 -9999.00 -9999.00 -9999.00 -9999.00 -9999.00 -9999.00 -9999.00 -9999.00 -9999.00 -9999.00 -9999.00 -9999.00 -9999.00 -9999.00 -9999.00 -9999.00 -9999.00 -9999.00 -9999.00 -9999.00 -9999.00 -9999.00 -9999.00 -9999.00 -9999.00 -9999.00 -9999.00 -9999.00 -9999.00 -9999.00 -9999.00 -9999.00 -9999.00 -9999.00 -9999.00
333.43 279.65 297.18 323.33 326.41 -9999.00 -9999.00 -9999.00 -9999.00 -9999.00 -9999.00 -9999.00 -9999.00 -9999.00 -9999.00 -9999.00 -9999.00 -9999.00 -9999.00 -9999.00 -9999.00 -9999.00 -9999.00 -9999.00 -9999.00 -9999.00 -9999.00 -9999.00 -9999.00 -9999.00 -9999.00 -9999.00 -9999.00 -9999.00 -9999.00 -9999.00 -9999.00 -9999.00 -9999.00 -9999.00 -9999.00 -9999.00 -9999.00 -9999.00 -9999.00 -9999.00 -9999.00 -9999.00 -9999.00 -9999.00 -9999.00 -9999.00 -9999.00 -9999.00 -9999.00 -9999.00 -9999.00 -9999.00 -9999.00 -9999.00 -9999.00 -9999.00 -9999.00 -9999.00 -9999.00 -9999.00 -9999.00 -9999.00 -9999.00 -9999.00
342.76 244.65 119.20 102.85 126.87 276.90 279.52 278.62 97.98 94.53 171.87 184.02 198.43 30.38 337.38 52.59 10.05 25.92 50.42 340.35 204.98 208.93 222.75 154.29 161.57 172.87 266.94 232.77 246.80 116.11 56.80 340.10 321.26 323.51 85.31 32.14 25.18 63.00 328.39 338.05 336.61 40.31 59.93 337.99 347.97 315.00 91.24 4.94 330.42 184.50 194.93 308.66 354.94 333.62 -9999.00 -9999.00 -9999.00 -9999.00 -9999.00 -9999.00 -9999.00 -9999.00 -9999.00 -9999.00 -9999.00 -9999.00 -9999.00 -9999.00 -9999.00 -9999.00
358.73 11.00 6.86 21.80 272.12 190.68 197.42 199.34 228.30 97.55 61.93 354.02 36.47 45.00 316.81 350.98 73.16 333.06 300.75 315.90 305.84 297.90 307.17 301.41 308.21 10.62 8.66 10.01 17.05 328.09 298.97 329.93 1.35 92.21 120.96 232.13 231.28 206.93 180.87 286.61 345.02 56.58 82.76 85.01 60.21 68.20 80.89 62.38 83.80 298.18 356.99 43.09 15.43 40.43 277.82 279.20 280.12 97.05 96.04 100.30 274.76 181.89 98.33 62.10 77.11 28.86 27.62 22.38 198.03 182.22
261.00 168.69 161.74 140.71 154.06 178.67 160.90 132.89 121.58 135.00 -9999.00 -9999.00 285.95 299.90 343.67 55.71 55.78 182.45 186.63 192.75 293.20 80.39 351.21 328.88 322.19 338.96 68.20 26.90 19.65 351.33 339.08 187.31 227.01 254.10 258.69 246.21 234.46 329.38 334.92 351.16 109.23 102.53 310.43 282.30 289.54 98.29 108.43 98.94 81.29 346.53 57.82 31.80 110.22 204.39 193.52 182.98 277.00 313.49 21.73 45.00 81.54 58.61 35.13 193.78 198.43 180.00 213.37 302.91 315.00 294.27
45.00 86.78 284.97 277.25 10.20 83.05 313.74 312.69 346.50 84.52 37.59 32.17 85.06 78.34 64.98 125.22 119.80 136.85 154.73 158.48 155.20 144.74 128.86 137.12 141.34 124.56 331.70 315.84 333.25 331.56 358.69 57.09 277.18 184.20 198.95 95.19 19.00 281.85 288.80 337.89 44.09 33.69 79.70 325.44 286.04 281.93 93.37 116.57 232.25 252.17 172.04 149.91 153.21 177.27 168.22 117.79 7.25 90.48 121.43 -9999.00 -9999.00 303.69 328.63 351.87 279.78 249.34 202.38 273.23 325.42 84.32
154.90 159.86 312.14 336.04 71.57 311.19 193.13 322.43 325.30 293.50 111.70 102.17 15.46 297.54 59.51 31.50 185.27 272.19 318.86 355.53 10.01 96.96 288.43 291.92 62.93 88.78 277.93 291.37 301.58 341.05 29.29 119.96 129.36 98.81 353.21 345.43 38.09 344.43 299.62 53.53 42.14 286.46 220.91 131.26 137.62 155.27 146.07 315.00 332.77 58.28 183.24 190.25 185.83 4.76 25.46 316.13 308.97 357.23 79.05 50.40 22.59 63.43 84.75 357.27 358.38 77.70 50.31 121.43 129.67 111.50
-9999.00 -9999.00 -9999.00 -9999.00 -9999.00 -9999.00 -9999.00 -9999.00 -9999.00 -9999.00 -9999.00 -9999.00 -9999.00 -9999.00 -9999.00 -9999.00 -9999.00 -9999.00 -9999.00 -9999.00 -9999.00 -9999.00 -9999.00 -9999.00 -9999.00 -9999.00 -9999.00 -9999.00 -9999.00 -9999.00 -9999.00 -9999.00 -9999.00 -9999.00 -9999.00 -9999.00 268.88 227.96 244.93 154.83 118.12 150.02 257.74 167.54 179.05 167.23 161.57 151.87 139.55 128.66 121.68 94.90 358.26 334.12 181.15 198.84 28.74 325.22 292.95 107.59 110.39 103.77 318.62 77.15 82.69 281.80 335.05 339.73 328.86 35.36
-9999.00 -9999.00 -9999.00 -9999.00 -9999.00 -9999.00 -9999.00 -9999.00 -9999.00 -9999.00 -9999.00 -9999.00 -9999.00 -9999.00 -9999.00 -9999.00 -9999.00 -9999.00 -9999.00 -9999.00 -9999.00 -9999.00 -9999.00 -9999.00 -9999.00 -9999.00 -9999.00 -9999.00 -9999.00 -9999.00 -9999.00 -9999.00 -9999.00 -9999.00 -9999.00 -9999.00 -9999.00 -9999.00 -9999.00 -9999.00 -9999.00 -9999.00 -9999.00 -9999.00 -9999.00 -9999.00 -9999.00 -9999.00 -9999.00 -9999.00 -9999.00 -9999.00 -9999.00 -9999.00 -9999.00 -9999.00 -9999.00 -9999.00 -9999.00 -9999.00 -9999.00 -9999.00 -9999.00 -9999.00 -9999.00 -9999.00 -9999.00 -9999.00 -9999.00 -9999.00
296.85 294.23 -9999.00 -9999.00 -9999.00 -9999.00 -9999.00 -9999.00 -9999.00 -9999.00 -9999.00 -9999.00 -9999.00 -9999.00 -9999.00 -9999.00 -9999.00 -9999.00 -9999.00 -9999.00 -9999.00 -9999.00 -9999.00 -9999.00 -9999.00 -9999.00 -9999.00 -9999.00 -9999.00 -9999.00 -9999.00 -9999.00 -9999.00 -9999.00 -9999.00 -9999.00 -9999.00 -9999.00 -9999.00 -9999.00 -9999.00 -9999.00 -9999.00 -9999.00 -9999.00 -9999.00 -9999.00 -9999.00 -9999.00 -9999.00 -9999.00 -9999.00 -9999.00 -9999.00 -9999.00 -9999.00 -9999.00 -9999.00 -9999.00 -9999.00 -9999.00 -9999.00 -9999.00 -9999.00 -9999.00 -9999.00 -9999.00 -9999.00 -9999.00 -9999.00
15.20 15.89 20.83 0.88 109.89 105.26 59.04 335.56 290.81 292.18 297.79 90.00 103.65 106.03 127.87 300.26 275.91 205.96 239.66 239.38 244.54 125.99 110.10 38.66 330.07 297.01 288.43 97.33 97.70 280.49 333.92 337.50 69.90 0.00 202.86 33.69 349.82 326.45 52.05 39.56 326.31 315.00 160.35 234.23 246.50 166.23 171.87 299.05 313.73 306.96 309.36 -9999.00 -9999.00 -9999.00 -9999.00 -9999.00 -9999.00 -9999.00 -9999.00 -9999.00 -9999.00 -9999.00 -9999.00 -9999.00 -9999.00 -9999.00 -9999.00 -9999.00 -9999.00 -9999.00
197.13 318.99 59.77 88.96 72.38 291.25 215.35 241.59 232.70 257.11 158.77 154.29 310.91 315.60 325.62 324.95 319.50 295.50 219.51 162.01 105.71 59.47 71.57 38.75 81.73 309.11 330.64 105.46 118.59 110.07 302.62 284.66 285.02 6.34 94.48 98.38 4.97 331.70 281.00 63.97 272.12 211.80 210.75 183.65 280.49 275.67 290.60 88.69 56.50 19.98 121.41 136.09 147.59 151.20 150.30 145.78 106.70 327.53 306.98 303.00 79.51 12.08 11.31 30.96 219.81 183.43 183.48 193.60 210.96 183.37
309.47 270.00 228.37 141.63 134.40 96.21 95.09 92.73 3.97 90.00 45.00 302.01 297.26 297.45 305.72 310.87 297.65 79.99 24.27 34.23 342.41 184.57 276.73 287.14 185.53 175.91 143.94 210.38 277.17 281.13 5.19 100.52 97.07 22.46 324.19 305.30 346.09 60.71 31.29 18.23 344.17 313.33 70.97 38.71 31.93 24.26 27.90 273.01 282.86 317.52 79.66 75.07 301.50 236.31 225.00 227.16 255.04 225.00 233.37 157.58 143.84 146.45 186.84 293.52 271.74 190.68 188.91 197.57 268.26 137.75
86.63 353.66 22.25 64.09 185.71 199.01 182.41 67.52 32.04 358.75 323.70 351.87 295.51 183.99 133.49 173.66 155.71 132.65 125.66 218.57 274.03 281.51 184.76 94.40 101.05 115.78 117.73 98.13 11.65 112.56 240.95 154.98 6.63 80.91 307.07 344.86 341.57 293.88 60.71 310.14 271.44 18.92 322.39 293.11 14.13 17.72 293.09 72.72 80.84 285.73 282.48 310.60 56.31 5.75 94.27 120.86 131.79 118.91 125.71 18.43 84.29 325.06 295.27 291.30 281.84 276.97 50.29 20.87 24.38 293.96
38.23 0.86 131.69 133.18 130.80 323.13 278.49 270.22 296.57 334.83 331.53 5.32 90.78 11.59 277.98 62.65 63.73 307.03 40.97 37.64 281.31 200.50 190.75 185.53 41.42 27.81 79.22 201.80 214.11 327.80 300.96 313.78 53.75 95.96 118.48 118.64 3.50 310.71 337.75 329.04 276.91 312.06 307.15 268.60 145.62 135.33 126.94 291.28 311.01 86.99 72.95 31.48 187.13 188.84 289.26 330.12 73.25 26.16 76.33 301.20 273.47 191.75 354.17 77.24 329.26 69.78 122.96 126.97 168.49 185.27
