aspect.asc
ncols	346
nrows	395
xllcorner	37393081.8093
yllcorner	4168011.4434
cellsize	50
NODATA_value	-9999
[rows 124 to 154 of 395, columns 210 to 279 of 346]
271.33 311.63 327.76 324.73 336.04 209.20 214.33 276.34 295.52 287.02 118.43 115.02 97.85 349.99 309.02 305.13 91.81 343.52 311.45 308.03 45.00 117.07 128.81 127.98 330.95 303.69 311.59 98.13 103.67 303.16 336.93 62.99 289.49 201.89 139.24 2.83 291.80 289.70 25.79 352.35 303.94 61.46 13.32 131.99 138.96 145.41 325.62 320.31 316.79 102.34 110.68 294.51 296.57 343.18 90.00 0.82 280.92 301.17 84.47 311.01 56.31 78.69 309.05 313.85 331.59 118.61 122.61 121.19 98.50 327.88
279.51 278.80 271.61 161.57 145.26 146.23 131.09 125.66 161.57 153.60 90.00 309.22 313.80 347.91 45.00 11.65 36.87 271.38 317.54 356.01 338.70 270.00 195.19 194.04 20.14 5.12 111.18 156.10 170.13 172.02 176.99 159.39 165.14 169.66 161.34 155.56 135.58 140.31 341.57 73.74 135.00 241.93 247.38 178.66 156.30 144.70 155.85 251.57 177.16 145.15 352.87 323.13 284.89 210.28 229.21 250.56 345.58 304.63 306.87 34.51 108.22 106.51 4.27 291.09 294.25 10.56 40.24 296.57 302.76 0.00
-9999.00 -9999.00 -9999.00 -9999.00 -9999.00 -9999.00 -9999.00 -9999.00 -9999.00 -9999.00 -9999.00 -9999.00 -9999.00 -9999.00 -9999.00 -9999.00 -9999.00 -9999.00 -9999.00 -9999.00 -9999.00 -9999.00 -9999.00 -9999.00 -9999.00 -9999.00 -9999.00 -9999.00 -9999.00 -9999.00 -9999.00 -9999.00 -9999.00 -9999.00 -9999.00 -9999.00 -9999.00 -9999.00 -9999.00 -9999.00 -9999.00 -9999.00 -9999.00 -9999.00 354.17 84.70 4.40 93.30 6.10 290.13 285.86 284.38 183.01 97.50 91.93 106.39 124.77 172.43 136.30 113.20 319.48 312.22 333.94 66.80 14.91 67.83 305.78 348.90 312.61 197.99
-9999.00 -9999.00 -9999.00 -9999.00 -9999.00 -9999.00 -9999.00 -9999.00 -9999.00 -9999.00 -9999.00 -9999.00 -9999.00 -9999.00 -9999.00 -9999.00 -9999.00 -9999.00 -9999.00 -9999.00 -9999.00 -9999.00 -9999.00 -9999.00 -9999.00 -9999.00 -9999.00 -9999.00 -9999.00 -9999.00 -9999.00 -9999.00 -9999.00 -9999.00 -9999.00 -9999.00 -9999.00 -9999.00 -9999.00 -9999.00 -9999.00 -9999.00 -9999.00 -9999.00 -9999.00 -9999.00 -9999.00 -9999.00 -9999.00 -9999.00 -9999.00 -9999.00 -9999.00 -9999.00 -9999.00 -9999.00 -9999.00 -9999.00 -9999.00 -9999.00 -9999.00 -9999.00 -9999.00 -9999.00 -9999.00 -9999.00 -9999.00 -9999.00 -9999.00 -9999.00
213.41 237.59 252.57 263.66 246.50 182.91 278.13 190.68 203.65 220.91 265.67 117.65 93.72 10.36 14.57 29.22 12.43 110.96 197.10 301.53 303.44 320.29 92.43 93.73 94.27 276.79 12.14 341.57 314.53 351.65 325.06 272.78 190.22 189.14 200.34 -9999.00 -9999.00 -9999.00 -9999.00 -9999.00 -9999.00 -9999.00 -9999.00 -9999.00 -9999.00 -9999.00 -9999.00 -9999.00 -9999.00 -9999.00 -9999.00 -9999.00 -9999.00 -9999.00 -9999.00 -9999.00 -9999.00 -9999.00 -9999.00 -9999.00 -9999.00 -9999.00 -9999.00 -9999.00 -9999.00 -9999.00 -9999.00 -9999.00 -9999.00 -9999.00
325.81 331.61 70.46 334.33 313.90 337.97 342.32 355.76 24.03 101.94 96.07 10.86 40.60 282.83 283.09 35.79 19.41 315.00 192.36 207.03 28.30 349.51 313.36 298.74 151.70 105.83 7.84 60.85 329.22 312.99 96.84 97.16 0.52 10.95 282.65 293.20 305.27 341.95 40.11 38.53 296.97 294.19 63.02 57.26 48.42 72.76 206.11 133.09 211.61 202.42 222.01 249.16 269.14 175.93 268.60 257.11 188.29 180.30 191.07 261.87 111.19 109.18 117.69 136.49 155.63 161.28 159.02 140.77 320.04 300.44
27.03 44.13 33.69 8.44 297.07 275.19 276.28 286.26 5.59 46.95 70.37 45.00 287.10 182.49 278.02 310.07 20.56 11.98 49.09 297.62 286.17 35.96 29.29 292.62 298.61 300.43 35.75 10.20 350.13 270.00 127.13 131.61 138.90 141.75 134.20 111.04 104.79 93.01 184.48 198.43 224.48 230.42 217.78 47.49 47.34 63.17 350.68 320.88 316.43 315.00 326.77 74.05 345.65 320.65 335.73 338.01 340.92 339.44 125.73 118.90 107.61 90.00 286.93 311.37 52.68 51.78 336.21 312.64 342.18 78.69
112.81 118.75 107.83 346.29 324.57 345.38 44.34 52.70 302.11 325.44 4.88 11.12 311.28 301.94 106.39 121.45 116.05 96.01 216.25 191.94 205.97 341.57 58.63 81.10 338.50 85.82 123.69 107.35 283.67 280.70 329.04 54.76 76.74 332.47 66.09 20.87 67.44 320.71 356.94 36.70 0.86 105.40 102.14 -9999.00 315.00 323.13 303.69 304.26 88.20 39.44 334.29 257.20 111.12 135.00 285.55 281.21 279.21 99.14 91.19 45.00 84.81 279.37 187.29 187.33 320.19 40.97 15.91 26.85 276.14 276.95
29.29 296.08 296.43 113.20 117.82 113.53 8.70 308.07 291.85 299.68 354.81 7.13 4.80 3.67 2.17 159.15 117.53 315.00 286.81 313.11 78.16 34.47 21.71 293.33 296.57 325.22 339.89 56.66 91.50 97.41 61.70 324.34 343.94 89.23 54.32 59.74 34.38 10.43 356.88 337.36 343.36 355.56 45.87 48.86 301.97 309.58 345.29 350.45 340.18 353.81 96.93 115.50 130.08 340.82 344.14 350.24 69.96 335.14 324.12 53.00 0.70 334.98 304.72 340.42 58.47 97.35 104.35 90.00 284.77 320.71
308.41 306.72 336.19 94.17 98.75 321.71 299.41 85.79 31.61 73.81 253.50 128.21 110.40 97.31 288.08 342.72 347.28 184.99 234.46 8.75 27.65 315.00 181.05 201.30 110.06 90.67 342.90 317.97 334.06 83.45 39.09 111.47 119.21 115.48 25.20 333.43 345.70 83.25 52.50 7.48 334.18 283.74 315.00 7.93 87.71 301.08 328.83 3.14 103.65 103.24 290.22 285.22 202.38 136.61 135.77 132.95 108.43 303.32 305.74 315.00 6.71 6.97 9.46 20.30 342.47 19.44 345.96 305.43 351.22 358.13
-9999.00 -9999.00 -9999.00 -9999.00 -9999.00 -9999.00 -9999.00 -9999.00 -9999.00 -9999.00 -9999.00 -9999.00 -9999.00 -9999.00 -9999.00 -9999.00 -9999.00 -9999.00 -9999.00 -9999.00 -9999.00 -9999.00 -9999.00 -9999.00 -9999.00 -9999.00 -9999.00 -9999.00 -9999.00 -9999.00 -9999.00 -9999.00 -9999.00 -9999.00 -9999.00 -9999.00 -9999.00 -9999.00 -9999.00 -9999.00 -9999.00 -9999.00 117.47 2.91 101.08 126.50 145.44 144.81 127.06 307.59 309.96 326.91 49.97 90.98 20.73 318.78 345.67 38.59 315.00 274.71 118.23 112.38 112.38 316.93 336.90 283.27 197.45 262.04 119.28 96.42
-9999.00 -9999.00 -9999.00 -9999.00 -9999.00 -9999.00 -9999.00 -9999.00 -9999.00 -9999.00 -9999.00 -9999.00 -9999.00 -9999.00 -9999.00 -9999.00 -9999.00 -9999.00 -9999.00 -9999.00 -9999.00 -9999.00 -9999.00 -9999.00 -9999.00 -9999.00 -9999.00 -9999.00 -9999.00 -9999.00 -9999.00 -9999.00 -9999.00 -9999.00 -9999.00 -9999.00 -9999.00 -9999.00 -9999.00 -9999.00 -9999.00 -9999.00 -9999.00 -9999.00 -9999.00 -9999.00 -9999.00 -9999.00 -9999.00 -9999.00 -9999.00 -9999.00 -9999.00 -9999.00 -9999.00 -9999.00 -9999.00 -9999.00 -9999.00 -9999.00 -9999.00 -9999.00 -9999.00 -9999.00 -9999.00 -9999.00 -9999.00 -9999.00 -9999.00 -9999.00
261.63 122.32 14.74 336.41 335.06 83.37 327.53 342.96 76.76 1.40 123.59 116.43 7.03 346.46 357.14 67.23 30.30 23.92 312.22 325.11 60.89 29.25 209.58 217.29 233.37 237.23 225.95 215.26 255.96 7.22 13.46 24.44 82.57 322.59 278.13 315.00 348.37 -9999.00 -9999.00 -9999.00 -9999.00 -9999.00 -9999.00 -9999.00 -9999.00 -9999.00 -9999.00 -9999.00 -9999.00 -9999.00 -9999.00 -9999.00 -9999.00 -9999.00 -9999.00 -9999.00 -9999.00 -9999.00 -9999.00 -9999.00 -9999.00 -9999.00 -9999.00 -9999.00 -9999.00 -9999.00 -9999.00 -9999.00 -9999.00 -9999.00
100.81 9.09 306.67 356.07 66.41 77.54 71.57 322.59 209.05 173.66 238.71 279.66 317.05 336.25 347.20 330.31 314.01 311.78 288.43 184.40 1.44 10.10 300.96 352.35 51.71 72.03 103.13 125.12 129.33 117.60 98.75 299.74 343.61 79.99 226.75 244.08 178.42 213.69 306.57 347.38 276.77 212.59 297.03 357.18 344.29 309.66 315.55 313.73 318.01 53.75 45.67 43.81 351.87 337.11 83.80 325.38 350.22 343.24 308.93 110.38 120.57 131.66 142.02 99.78 9.87 104.80 137.83 260.17 337.75 67.17
122.74 155.56 174.81 260.54 150.95 315.00 334.98 62.53 28.93 2.49 225.94 256.87 160.17 143.97 293.75 312.64 312.02 85.86 32.86 297.10 294.23 329.40 306.00 69.90 42.04 73.91 39.81 294.78 190.51 203.42 158.63 122.85 129.73 135.00 102.43 6.34 91.40 202.07 195.17 186.55 273.47 275.08 242.35 120.56 204.78 299.81 342.55 351.87 3.69 104.91 103.92 350.54 75.85 64.54 324.46 235.78 213.69 229.86 257.80 267.57 261.51 254.05 270.00 329.42 308.76 307.41 314.47 318.01 343.30 14.61
240.15 226.29 227.64 234.87 239.19 163.52 112.93 0.72 4.23 115.56 192.59 272.24 208.25 178.15 165.96 157.86 111.12 10.14 10.78 280.56 292.25 287.18 210.78 175.60 160.76 146.86 155.24 171.66 260.67 245.67 114.17 101.78 187.59 190.19 205.94 240.52 178.88 166.68 123.18 93.58 91.07 245.77 242.54 251.76 259.54 166.73 145.30 103.48 101.06 257.91 158.33 179.12 263.48 154.65 163.61 175.60 117.18 104.93 238.57 213.79 244.54 149.04 133.84 128.05 317.54 311.70 354.70 42.04 291.47 311.78
40.24 68.96 184.40 245.75 260.80 258.79 252.00 262.33 145.30 113.50 231.55 217.59 220.17 274.13 275.41 206.05 247.17 138.37 119.29 118.64 99.52 94.40 210.07 227.11 175.72 149.04 115.77 123.18 206.11 198.25 186.34 339.23 276.77 273.01 278.53 285.95 97.35 116.94 268.42 238.69 125.66 103.39 110.42 154.60 160.39 94.69 38.50 26.30 3.58 214.92 214.25 208.58 273.58 81.87 78.82 55.08 37.20 11.31 252.28 259.01 223.57 194.30 245.45 150.56 117.76 3.25 16.27 15.26 222.37 234.01
230.11 240.12 175.67 147.20 1.24 39.96 52.56 48.58 30.96 51.91 323.33 351.38 7.59 320.63 318.61 283.50 186.25 2.73 7.43 8.51 299.36 301.45 48.12 288.00 270.60 230.86 132.30 128.87 125.46 59.04 320.06 52.59 338.96 302.36 80.88 39.98 70.89 355.45 0.00 71.57 8.13 96.27 5.88 53.84 29.05 205.25 211.08 169.31 151.14 156.73 168.18 238.28 235.85 258.12 261.63 258.49 159.30 105.64 94.29 199.65 207.39 260.34 231.01 279.94 292.95 356.63 59.04 40.65 28.25 21.97
-9999.00 -9999.00 -9999.00 -9999.00 -9999.00 -9999.00 -9999.00 -9999.00 -9999.00 -9999.00 -9999.00 -9999.00 -9999.00 -9999.00 -9999.00 -9999.00 -9999.00 -9999.00 -9999.00 -9999.00 -9999.00 -9999.00 -9999.00 -9999.00 -9999.00 -9999.00 -9999.00 -9999.00 -9999.00 -9999.00 -9999.00 -9999.00 -9999.00 -9999.00 -9999.00 -9999.00 -9999.00 -9999.00 113.09 7.77 10.78 157.83 250.68 236.86 119.29 21.40 17.14 227.68 227.54 227.41 225.00 61.26 30.38 26.78 39.47 252.41 269.27 156.71 139.76 163.07 319.97 57.88 51.34 281.15 273.21 272.45 6.34 4.48 7.82 275.19
-9999.00 -9999.00 -9999.00 -9999.00 -9999.00 -9999.00 -9999.00 -9999.00 -9999.00 -9999.00 -9999.00 -9999.00 -9999.00 -9999.00 -9999.00 -9999.00 -9999.00 -9999.00 -9999.00 -9999.00 -9999.00 -9999.00 -9999.00 -9999.00 -9999.00 -9999.00 -9999.00 -9999.00 -9999.00 -9999.00 -9999.00 -9999.00 -9999.00 -9999.00 -9999.00 -9999.00 -9999.00 -9999.00 -9999.00 -9999.00 -9999.00 -9999.00 -9999.00 -9999.00 -9999.00 -9999.00 -9999.00 -9999.00 -9999.00 -9999.00 -9999.00 -9999.00 -9999.00 -9999.00 -9999.00 -9999.00 -9999.00 -9999.00 -9999.00 -9999.00 -9999.00 -9999.00 -9999.00 -9999.00 -9999.00 -9999.00 -9999.00 -9999.00 -9999.00 -9999.00
60.26 278.97 183.50 198.43 108.43 114.10 0.00 309.75 308.26 316.85 31.43 90.73 10.24 56.51 38.05 16.49 17.42 273.62 196.48 218.85 135.00 78.18 85.82 51.79 42.47 60.59 299.48 200.56 265.16 224.24 270.57 298.86 318.07 344.20 301.22 285.05 -9999.00 -9999.00 -9999.00 -9999.00 -9999.00 -9999.00 -9999.00 -9999.00 -9999.00 -9999.00 -9999.00 -9999.00 -9999.00 -9999.00 -9999.00 -9999.00 -9999.00 -9999.00 -9999.00 -9999.00 -9999.00 -9999.00 -9999.00 -9999.00 -9999.00 -9999.00 -9999.00 -9999.00 -9999.00 -9999.00 -9999.00 -9999.00 -9999.00 -9999.00
197.47 279.53 300.15 341.11 346.10 343.86 235.30 263.32 264.36 255.17 173.66 9.57 63.74 336.95 331.31 163.07 141.48 133.91 125.15 34.38 50.25 298.07 181.43 174.29 100.51 95.19 92.25 191.51 212.22 255.63 259.65 249.57 301.91 310.41 308.42 308.19 289.32 158.88 143.71 258.02 282.72 12.05 5.71 29.54 331.46 305.13 348.69 96.67 2.03 41.42 183.09 192.59 236.31 135.00 99.78 19.49 319.24 299.20 315.61 71.57 30.41 126.72 135.72 107.18 7.07 10.26 180.44 275.41 356.86 70.68
291.80 97.34 108.82 142.48 137.65 230.00 190.77 36.57 30.86 36.25 27.84 168.69 169.09 155.85 225.61 251.89 138.22 125.10 126.63 133.99 129.56 125.54 310.76 310.88 337.38 82.75 340.14 304.59 316.43 319.76 0.00 8.90 3.47 10.35 75.96 278.39 284.51 285.10 281.31 278.53 106.65 100.66 94.18 286.70 353.02 39.44 30.69 195.46 190.98 284.04 323.64 323.97 356.40 349.02 331.11 328.72 324.81 316.06 194.74 139.97 108.69 1.17 359.31 331.26 323.13 348.69 121.43 118.07 113.90 11.71
286.00 223.03 115.27 108.43 107.38 291.93 290.17 294.80 300.42 300.40 21.80 111.68 112.02 110.53 105.46 114.44 277.39 194.88 216.54 219.73 244.94 161.08 135.98 123.13 127.11 118.61 108.43 212.83 197.54 254.36 124.31 123.31 296.57 297.32 292.65 115.82 112.57 109.98 252.76 207.78 255.47 270.00 10.62 124.09 268.32 161.80 135.00 272.86 281.31 274.69 110.98 118.78 122.23 130.54 238.31 227.91 16.34 22.28 94.82 257.33 262.16 156.70 177.31 241.39 176.31 107.67 1.55 267.51 168.41 142.28
230.19 159.00 151.78 145.16 123.29 99.73 95.37 40.43 317.08 343.89 289.03 215.43 199.57 273.22 253.61 133.18 133.36 137.12 214.56 190.30 193.50 94.40 110.92 114.57 150.26 273.92 297.76 89.33 82.72 330.35 67.38 8.13 30.14 357.21 336.28 340.41 68.46 68.20 3.81 106.53 96.13 91.24 108.92 233.02 235.62 231.95 236.77 255.58 218.66 197.66 222.47 132.14 121.66 124.52 154.86 288.66 297.77 300.62 311.12 338.96 31.72 96.28 103.42 102.44 118.30 185.50 181.71 270.71 182.76 203.75
220.34 225.00 223.41 255.96 102.26 57.70 356.99 339.83 0.00 94.76 15.09 26.57 21.19 256.80 257.97 153.58 134.30 135.00 323.97 85.60 316.51 306.53 344.22 23.40 95.39 90.00 337.07 78.18 40.27 16.58 249.23 239.65 244.73 150.29 136.91 283.66 293.60 300.19 11.89 102.17 113.39 219.29 226.55 139.62 122.25 125.88 180.91 199.10 213.29 217.41 139.93 112.56 112.33 115.99 104.19 90.88 111.80 213.69 196.53 206.06 234.46 240.80 206.57 210.07 135.00 123.02 115.59 241.70 206.01 246.12
-9999.00 -9999.00 -9999.00 -9999.00 -9999.00 -9999.00 -9999.00 -9999.00 -9999.00 -9999.00 -9999.00 -9999.00 -9999.00 -9999.00 -9999.00 -9999.00 -9999.00 -9999.00 -9999.00 -9999.00 -9999.00 -9999.00 -9999.00 -9999.00 -9999.00 -9999.00 -9999.00 -9999.00 -9999.00 -9999.00 -9999.00 -9999.00 -9999.00 -9999.00 -9999.00 -9999.00 -9999.00 178.07 223.44 236.86 161.24 155.82 241.70 209.05 57.53 48.78 37.78 36.22 276.84 198.43 209.25 231.50 172.75 98.24 4.27 87.80 303.02 287.18 94.40 102.12 108.43 157.95 235.16 258.98 147.35 137.51 150.09 158.63 23.20 327.34
-9999.00 -9999.00 -9999.00 -9999.00 -9999.00 -9999.00 -9999.00 -9999.00 -9999.00 -9999.00 -9999.00 -9999.00 -9999.00 -9999.00 -9999.00 -9999.00 -9999.00 -9999.00 -9999.00 -9999.00 -9999.00 -9999.00 -9999.00 -9999.00 -9999.00 -9999.00 -9999.00 -9999.00 -9999.00 -9999.00 -9999.00 -9999.00 -9999.00 -9999.00 -9999.00 -9999.00 -9999.00 -9999.00 -9999.00 -9999.00 -9999.00 -9999.00 -9999.00 -9999.00 -9999.00 -9999.00 -9999.00 -9999.00 -9999.00 -9999.00 -9999.00 -9999.00 -9999.00 -9999.00 -9999.00 -9999.00 -9999.00 -9999.00 -9999.00 -9999.00 -9999.00 -9999.00 -9999.00 -9999.00 -9999.00 -9999.00 -9999.00 -9999.00 -9999.00 -9999.00
51.89 77.88 330.69 40.99 3.48 91.45 31.50 322.35 44.47 36.63 292.38 271.99 284.78 299.48 280.86 286.39 327.80 182.17 247.56 175.82 151.77 143.08 160.64 222.80 188.62 215.98 268.94 154.59 152.27 218.16 302.04 329.53 328.72 299.96 -9999.00 -9999.00 -9999.00 -9999.00 -9999.00 -9999.00 -9999.00 -9999.00 -9999.00 -9999.00 -9999.00 -9999.00 -9999.00 -9999.00 -9999.00 -9999.00 -9999.00 -9999.00 -9999.00 -9999.00 -9999.00 -9999.00 -9999.00 -9999.00 -9999.00 -9999.00 -9999.00 -9999.00 -9999.00 -9999.00 -9999.00 -9999.00 -9999.00 -9999.00 -9999.00 -9999.00
236.50 239.70 228.73 212.47 272.20 311.42 29.74 354.43 346.49 68.48 87.63 339.08 97.13 113.05 111.25 308.44 307.96 318.24 120.11 117.67 100.10 20.50 30.12 273.37 180.83 319.24 310.10 313.47 74.11 61.03 276.19 209.05 230.44 244.80 344.98 324.02 315.76 86.47 64.18 334.98 323.56 107.70 122.47 114.16 16.07 315.00 189.07 193.09 185.19 3.74 28.74 308.99 305.54 124.33 113.28 105.78 68.84 43.13 102.53 217.95 200.01 180.53 278.79 288.76 70.46 88.00 303.05 277.39 235.08 149.97
202.93 124.90 111.40 28.30 75.82 36.53 303.41 298.93 307.63 336.48 33.06 114.51 164.52 163.61 261.87 214.34 160.11 137.65 141.75 150.77 154.01 159.90 153.81 157.23 159.70 155.11 148.48 138.13 133.75 315.00 326.63 80.54 37.41 291.04 283.22 282.93 24.03 342.80 302.88 65.64 28.67 28.09 308.76 306.97 335.14 189.78 195.42 195.14 184.40 291.37 0.00 340.71 344.22 351.03 349.89 61.21 72.86 354.29 64.47 343.56 303.69 0.00 117.76 114.65 90.00 311.35 304.06 71.57 106.03 94.25
