aspect.asc
ncols	346
nrows	395
xllcorner	37393081.8093
yllcorner	4168011.4434
cellsize	50
NODATA_value	-9999
[rows 124 to 154 of 395, columns 140 to 209 of 346]
-9999.00 -9999.00 -9999.00 -9999.00 -9999.00 -9999.00 -9999.00 -9999.00 -9999.00 -9999.00 -9999.00 -9999.00 -9999.00 -9999.00 -9999.00 326.31 116.08 113.96 104.62 21.28 50.36 180.29 181.94 202.96 130.24 135.00 146.86 150.58 132.61 92.29 33.69 302.69 304.44 326.96 62.88 7.50 3.07 32.20 274.50 272.94 308.42 340.25 334.56 302.25 282.38 104.66 102.02 91.01 23.50 1.55 128.52 160.46 155.94 156.37 164.62 146.14 156.25 12.99 338.52 345.13 74.38 53.83 42.40 176.53 175.82 145.86 21.32 351.06 80.13 4.32
-9999.00 -9999.00 -9999.00 -9999.00 -9999.00 -9999.00 -9999.00 -9999.00 -9999.00 -9999.00 -9999.00 -9999.00 -9999.00 -9999.00 -9999.00 -9999.00 -9999.00 -9999.00 -9999.00 -9999.00 -9999.00 -9999.00 -9999.00 -9999.00 -9999.00 -9999.00 -9999.00 -9999.00 -9999.00 -9999.00 -9999.00 -9999.00 -9999.00 -9999.00 -9999.00 -9999.00 -9999.00 -9999.00 -9999.00 -9999.00 -9999.00 -9999.00 -9999.00 -9999.00 -9999.00 -9999.00 -9999.00 -9999.00 -9999.00 -9999.00 -9999.00 -9999.00 -9999.00 -9999.00 -9999.00 -9999.00 -9999.00 -9999.00 -9999.00 -9999.00 -9999.00 -9999.00 -9999.00 -9999.00 -9999.00 76.26 113.10 126.92 121.27 110.85
213.01 231.23 252.01 228.69 191.89 199.50 -9999.00 -9999.00 -9999.00 -9999.00 -9999.00 -9999.00 -9999.00 -9999.00 -9999.00 -9999.00 -9999.00 -9999.00 -9999.00 -9999.00 -9999.00 -9999.00 -9999.00 -9999.00 -9999.00 -9999.00 -9999.00 -9999.00 -9999.00 -9999.00 -9999.00 -9999.00 -9999.00 -9999.00 -9999.00 -9999.00 -9999.00 -9999.00 -9999.00 -9999.00 -9999.00 -9999.00 -9999.00 -9999.00 -9999.00 -9999.00 -9999.00 -9999.00 -9999.00 -9999.00 -9999.00 -9999.00 -9999.00 -9999.00 -9999.00 -9999.00 -9999.00 -9999.00 -9999.00 -9999.00 -9999.00 -9999.00 -9999.00 -9999.00 -9999.00 -9999.00 -9999.00 -9999.00 -9999.00 -9999.00
112.67 121.82 118.24 109.69 98.51 6.67 201.22 208.87 221.68 246.08 151.53 6.63 77.23 316.97 290.56 3.72 1.44 59.93 298.87 47.26 28.47 201.04 237.01 234.46 212.15 276.15 181.17 246.04 229.88 224.49 236.50 260.29 150.56 99.87 32.91 54.23 59.49 33.33 14.66 293.20 287.64 294.93 118.41 119.44 111.04 13.67 285.02 16.48 284.74 182.85 319.40 357.14 313.67 187.48 201.34 -9999.00 -9999.00 -9999.00 -9999.00 -9999.00 -9999.00 -9999.00 -9999.00 -9999.00 -9999.00 -9999.00 -9999.00 -9999.00 -9999.00 -9999.00
122.42 137.20 144.54 139.92 145.24 146.04 135.00 138.50 302.35 76.14 67.25 181.79 281.79 315.00 277.43 190.39 282.09 68.75 79.92 315.68 312.61 315.00 154.98 260.54 291.68 300.43 319.29 337.99 66.80 20.15 18.73 19.29 7.48 32.47 278.97 272.23 99.16 90.00 108.43 220.46 225.00 218.29 273.01 286.23 316.22 64.23 58.30 73.18 355.31 338.29 132.61 139.17 127.98 104.26 107.53 198.66 190.81 272.49 307.69 28.77 27.55 0.00 273.14 318.81 40.87 21.25 59.04 328.36 64.86 77.91
70.35 271.87 189.67 282.65 35.07 22.05 3.26 45.00 310.10 144.19 148.26 130.71 115.92 343.30 331.88 354.01 53.13 271.08 182.77 271.07 100.01 3.81 52.13 56.17 20.52 321.91 279.37 281.85 329.04 20.71 358.18 57.13 30.07 336.16 299.86 291.09 294.59 95.33 0.47 69.36 310.60 289.26 35.38 30.65 278.28 277.08 283.92 31.46 23.65 15.26 131.63 131.92 134.48 146.02 139.88 147.05 138.85 121.26 66.16 303.11 183.97 203.75 224.27 226.39 235.44 57.09 64.26 88.92 322.59 324.74
114.35 316.36 302.61 318.58 50.83 2.25 103.48 110.94 88.73 66.09 309.09 272.79 137.05 112.30 4.60 49.09 276.63 192.47 187.16 190.41 120.79 122.78 124.20 96.77 299.38 295.71 59.04 5.27 339.78 295.71 5.53 97.00 61.70 294.39 276.79 102.62 48.58 58.13 30.96 0.00 280.56 198.43 181.77 353.83 71.57 59.38 110.81 116.57 30.12 331.70 276.28 284.70 71.00 59.47 75.76 106.53 91.55 334.33 308.95 124.22 121.72 128.70 139.17 129.56 335.32 355.24 306.03 291.94 297.32 359.43
94.40 119.68 123.20 101.02 43.67 345.83 330.64 337.46 57.26 2.83 94.09 58.50 315.87 358.03 66.45 320.86 326.81 345.76 107.00 108.30 106.20 280.30 287.43 310.43 92.37 96.24 80.43 69.84 333.21 276.80 270.00 120.96 124.07 132.10 141.39 138.37 132.27 311.99 325.44 304.82 301.46 88.96 34.43 21.68 281.48 281.49 298.43 63.43 114.58 113.26 99.69 319.37 322.45 354.14 50.97 28.95 8.13 113.43 7.22 303.39 300.86 341.92 8.70 107.02 102.20 185.91 186.66 287.21 332.45 75.74
-9999.00 -9999.00 -9999.00 -9999.00 -9999.00 -9999.00 -9999.00 -9999.00 -9999.00 -9999.00 -9999.00 -9999.00 1.72 130.47 242.69 243.43 135.81 108.10 106.17 301.40 304.52 311.92 314.00 32.91 94.62 5.03 305.54 293.85 42.80 7.28 100.30 142.26 138.79 128.05 183.65 183.68 203.20 343.81 291.04 276.84 52.35 35.79 74.25 187.85 213.91 113.84 62.35 326.19 335.63 76.70 114.62 133.45 124.96 112.38 32.12 337.80 334.13 355.60 55.39 10.41 11.63 322.43 312.40 45.00 62.93 334.78 312.06 29.74 106.42 104.37
-9999.00 -9999.00 -9999.00 -9999.00 -9999.00 -9999.00 -9999.00 -9999.00 -9999.00 -9999.00 -9999.00 -9999.00 -9999.00 -9999.00 -9999.00 -9999.00 -9999.00 -9999.00 -9999.00 -9999.00 -9999.00 -9999.00 -9999.00 -9999.00 -9999.00 -9999.00 -9999.00 -9999.00 -9999.00 -9999.00 -9999.00 -9999.00 -9999.00 -9999.00 -9999.00 -9999.00 -9999.00 -9999.00 -9999.00 -9999.00 -9999.00 -9999.00 -9999.00 -9999.00 -9999.00 -9999.00 -9999.00 -9999.00 -9999.00 -9999.00 -9999.00 -9999.00 -9999.00 -9999.00 -9999.00 -9999.00 -9999.00 -9999.00 -9999.00 -9999.00 -9999.00 138.64 167.01 259.85 95.44 38.53 24.06 93.56 104.86 309.63
252.60 177.27 152.28 22.52 60.52 63.43 49.24 282.26 -9999.00 -9999.00 -9999.00 -9999.00 -9999.00 -9999.00 -9999.00 -9999.00 -9999.00 -9999.00 -9999.00 -9999.00 -9999.00 -9999.00 -9999.00 -9999.00 -9999.00 -9999.00 -9999.00 -9999.00 -9999.00 -9999.00 -9999.00 -9999.00 -9999.00 -9999.00 -9999.00 -9999.00 -9999.00 -9999.00 -9999.00 -9999.00 -9999.00 -9999.00 -9999.00 -9999.00 -9999.00 -9999.00 -9999.00 -9999.00 -9999.00 -9999.00 -9999.00 -9999.00 -9999.00 -9999.00 -9999.00 -9999.00 -9999.00 -9999.00 -9999.00 -9999.00 -9999.00 -9999.00 -9999.00 -9999.00 -9999.00 -9999.00 -9999.00 -9999.00 -9999.00 -9999.00
351.61 36.03 17.15 279.04 290.98 36.10 39.40 321.84 206.24 209.85 207.71 205.97 315.00 330.71 319.12 322.05 79.62 1.74 170.62 269.39 260.54 254.21 170.31 263.66 283.20 324.69 354.99 313.67 331.04 29.69 98.47 102.26 33.69 352.78 343.13 357.18 27.68 91.14 4.09 292.29 304.99 25.14 13.27 51.12 271.27 209.96 235.47 235.49 226.76 244.16 125.54 90.97 32.80 76.76 88.53 83.66 187.00 287.70 -9999.00 -9999.00 -9999.00 -9999.00 -9999.00 -9999.00 -9999.00 -9999.00 -9999.00 -9999.00 -9999.00 -9999.00
309.77 336.96 32.47 27.68 41.05 48.73 19.36 93.47 98.13 270.00 186.46 207.03 220.98 251.93 172.83 237.31 182.25 180.92 188.47 116.57 110.50 99.01 32.47 273.88 295.28 78.49 65.62 50.87 87.81 342.69 60.09 327.26 289.11 300.79 307.01 326.31 323.34 299.74 246.25 256.20 253.66 109.12 15.15 296.03 354.43 42.40 106.28 118.33 120.86 94.57 42.84 21.19 278.59 321.48 42.94 90.00 228.27 216.72 273.07 291.10 343.18 359.42 326.48 302.05 329.77 358.34 322.21 275.19 233.47 261.67
259.59 209.50 247.71 105.26 253.35 225.37 233.87 174.26 166.35 261.03 260.04 140.71 91.48 4.82 203.20 200.14 253.89 124.54 172.69 160.82 123.07 112.17 0.00 333.43 324.46 343.98 350.13 350.74 64.09 27.41 37.23 341.57 288.43 353.16 359.12 305.54 289.83 301.89 353.66 41.53 322.99 289.93 316.51 309.88 79.38 76.55 51.12 10.67 323.37 283.43 184.48 130.14 98.04 0.82 3.69 5.06 5.19 4.27 273.27 272.37 181.33 186.98 212.64 164.61 160.82 218.81 197.86 206.57 120.96 108.43
199.59 214.64 253.79 179.51 258.69 242.68 239.10 259.90 146.74 129.17 171.78 245.77 168.07 172.43 154.03 94.27 115.17 264.54 179.64 147.92 115.48 105.10 231.79 231.38 245.39 251.20 267.53 161.57 151.36 113.90 13.78 292.22 188.79 260.89 168.47 173.01 269.40 171.77 135.93 135.00 184.81 274.99 217.23 169.09 165.13 161.27 149.18 157.76 170.07 256.49 229.51 138.76 97.72 199.33 206.82 223.58 264.25 171.18 179.68 147.75 4.70 15.95 100.58 227.49 222.71 253.81 156.12 170.87 112.71 2.12
323.34 320.53 72.68 78.49 339.44 120.47 132.42 142.19 165.96 161.06 161.17 165.34 124.54 322.13 311.27 89.41 52.75 52.85 23.46 225.00 326.20 357.11 79.06 76.12 63.63 75.58 180.00 255.16 252.78 172.60 142.72 187.43 192.31 194.33 207.28 249.03 256.64 262.39 163.58 148.03 141.95 139.59 135.83 207.82 228.45 176.94 177.22 126.25 125.73 213.86 204.80 223.67 267.06 252.03 221.70 229.06 266.92 140.48 135.00 177.88 246.27 160.41 136.55 104.88 109.38 169.14 260.13 137.12 14.74 20.27
-9999.00 -9999.00 -9999.00 -9999.00 -9999.00 -9999.00 -9999.00 -9999.00 -9999.00 -9999.00 -9999.00 21.50 102.83 25.08 79.51 52.43 161.08 244.29 143.75 38.77 26.57 240.37 254.58 177.31 177.41 170.54 168.45 151.23 121.61 112.75 319.76 327.83 21.25 39.56 299.11 333.79 322.64 290.31 36.25 91.97 92.73 294.52 306.70 34.14 301.50 278.87 109.54 110.30 105.12 60.02 329.16 351.71 55.39 329.38 304.18 122.47 128.44 161.18 178.92 166.83 160.04 148.41 131.70 359.26 81.09 50.48 191.31 240.11 163.10 141.84
-9999.00 -9999.00 -9999.00 -9999.00 -9999.00 -9999.00 -9999.00 -9999.00 -9999.00 -9999.00 -9999.00 -9999.00 -9999.00 -9999.00 -9999.00 -9999.00 -9999.00 -9999.00 -9999.00 -9999.00 -9999.00 -9999.00 -9999.00 -9999.00 -9999.00 -9999.00 -9999.00 -9999.00 -9999.00 -9999.00 -9999.00 -9999.00 -9999.00 -9999.00 -9999.00 -9999.00 -9999.00 -9999.00 -9999.00 -9999.00 -9999.00 -9999.00 -9999.00 -9999.00 -9999.00 -9999.00 -9999.00 -9999.00 -9999.00 -9999.00 -9999.00 -9999.00 -9999.00 -9999.00 -9999.00 -9999.00 -9999.00 -9999.00 -9999.00 25.91 58.80 43.59 12.99 178.83 244.38 260.64 150.80 20.93 93.69 235.65
88.81 41.58 243.43 226.99 216.76 270.95 -9999.00 -9999.00 -9999.00 -9999.00 -9999.00 -9999.00 -9999.00 -9999.00 -9999.00 -9999.00 -9999.00 -9999.00 -9999.00 -9999.00 -9999.00 -9999.00 -9999.00 -9999.00 -9999.00 -9999.00 -9999.00 -9999.00 -9999.00 -9999.00 -9999.00 -9999.00 -9999.00 -9999.00 -9999.00 -9999.00 -9999.00 -9999.00 -9999.00 -9999.00 -9999.00 -9999.00 -9999.00 -9999.00 -9999.00 -9999.00 -9999.00 -9999.00 -9999.00 -9999.00 -9999.00 -9999.00 -9999.00 -9999.00 -9999.00 -9999.00 -9999.00 -9999.00 -9999.00 -9999.00 -9999.00 -9999.00 -9999.00 -9999.00 -9999.00 -9999.00 -9999.00 -9999.00 -9999.00 -9999.00
292.41 337.00 342.47 316.81 292.71 189.32 219.56 249.19 143.45 126.87 250.71 205.46 169.22 142.22 149.04 330.80 357.93 48.81 15.95 21.64 23.20 88.26 286.70 194.24 213.02 95.19 11.98 308.45 303.50 306.59 324.25 3.01 25.13 64.70 34.02 103.12 1.33 57.94 73.71 205.13 236.94 247.25 273.08 333.43 36.87 50.91 68.87 80.75 347.15 73.14 333.00 198.97 213.56 236.13 213.18 287.49 -9999.00 -9999.00 -9999.00 -9999.00 -9999.00 -9999.00 -9999.00 -9999.00 -9999.00 -9999.00 -9999.00 -9999.00 -9999.00 -9999.00
283.07 238.17 122.60 125.13 121.85 114.73 273.50 273.99 188.33 187.96 186.81 168.69 113.73 101.50 322.43 294.30 278.84 97.50 5.19 49.09 206.37 206.92 202.57 219.81 216.25 203.55 135.00 152.35 177.63 218.42 286.19 324.82 53.39 46.36 259.99 156.99 149.04 142.45 137.58 25.35 337.43 28.36 331.39 276.89 140.95 131.38 110.89 12.32 292.01 302.41 348.27 336.47 330.66 333.98 327.80 310.01 292.89 140.44 137.79 161.57 202.91 228.69 118.74 98.70 74.54 339.94 344.05 118.07 113.90 94.13
210.96 154.70 141.89 213.82 207.41 211.06 234.23 120.96 116.84 136.35 215.81 279.09 300.96 309.29 31.70 21.22 12.99 114.89 194.86 272.55 190.52 158.50 125.98 107.15 115.89 138.54 229.81 209.40 263.81 91.15 24.97 28.66 35.29 49.76 1.40 228.99 258.25 154.25 145.49 108.43 109.29 61.70 331.05 329.36 284.93 195.95 327.34 85.91 329.30 294.75 304.11 99.27 109.18 102.75 98.41 306.87 280.69 272.98 181.93 180.71 214.38 116.23 104.72 30.96 284.30 306.25 21.43 12.33 191.98 195.98
163.79 240.45 210.96 72.55 346.70 328.50 153.97 145.55 145.82 143.68 144.25 139.67 62.10 339.39 60.31 22.78 189.89 181.13 308.37 335.12 337.91 344.48 22.62 98.25 94.65 93.81 276.63 278.53 284.25 286.11 220.82 146.08 125.60 116.10 110.14 109.11 182.20 290.93 314.33 304.56 186.58 249.96 165.26 129.18 124.22 145.15 145.98 116.83 202.48 194.46 168.15 118.61 280.78 286.06 282.26 181.93 121.26 119.98 125.80 256.39 216.87 217.98 273.90 25.43 90.00 137.94 161.10 250.35 276.95 281.75
28.78 34.70 48.89 51.24 40.03 252.12 211.52 210.96 251.71 266.95 266.58 145.89 97.62 133.99 175.04 159.01 293.20 322.28 323.87 330.95 344.91 136.17 147.84 159.34 161.19 163.36 141.65 116.09 280.56 293.36 348.49 69.03 315.00 281.67 183.47 141.63 129.70 129.71 173.66 280.86 300.23 321.44 11.66 118.41 120.48 238.13 181.83 183.81 267.71 147.53 255.17 164.36 95.71 71.57 335.56 322.59 28.61 125.38 146.21 157.44 159.38 152.74 135.00 21.04 45.00 182.83 293.20 336.52 344.93 309.24
-9999.00 -9999.00 -9999.00 -9999.00 -9999.00 -9999.00 -9999.00 98.34 95.42 33.47 83.66 238.32 268.78 159.40 226.99 198.43 203.96 90.50 100.91 106.98 109.15 222.58 197.06 201.88 261.66 197.35 336.93 87.31 75.20 13.88 120.82 144.62 135.00 103.87 104.81 259.88 161.57 17.10 307.57 323.43 71.57 297.30 293.63 78.31 32.96 27.72 349.82 323.49 75.01 49.40 47.08 54.54 54.46 238.42 179.60 194.89 277.32 186.41 241.35 154.65 108.79 106.98 248.39 252.47 145.55 128.05 307.87 306.59 304.70 186.01
-9999.00 -9999.00 -9999.00 -9999.00 -9999.00 -9999.00 -9999.00 -9999.00 -9999.00 -9999.00 -9999.00 -9999.00 -9999.00 -9999.00 -9999.00 -9999.00 -9999.00 -9999.00 -9999.00 -9999.00 -9999.00 -9999.00 -9999.00 -9999.00 -9999.00 -9999.00 -9999.00 -9999.00 -9999.00 -9999.00 -9999.00 -9999.00 -9999.00 -9999.00 -9999.00 -9999.00 -9999.00 -9999.00 -9999.00 -9999.00 -9999.00 -9999.00 -9999.00 -9999.00 -9999.00 -9999.00 -9999.00 -9999.00 -9999.00 -9999.00 -9999.00 -9999.00 -9999.00 -9999.00 -9999.00 -9999.00 -9999.00 97.40 126.03 239.04 242.27 267.12 158.26 244.29 215.05 255.96 11.12 14.40 12.72 102.01
293.79 280.95 200.43 228.75 230.71 214.80 -9999.00 -9999.00 -9999.00 -9999.00 -9999.00 -9999.00 -9999.00 -9999.00 -9999.00 -9999.00 -9999.00 -9999.00 -9999.00 -9999.00 -9999.00 -9999.00 -9999.00 -9999.00 -9999.00 -9999.00 -9999.00 -9999.00 -9999.00 -9999.00 -9999.00 -9999.00 -9999.00 -9999.00 -9999.00 -9999.00 -9999.00 -9999.00 -9999.00 -9999.00 -9999.00 -9999.00 -9999.00 -9999.00 -9999.00 -9999.00 -9999.00 -9999.00 -9999.00 -9999.00 -9999.00 -9999.00 -9999.00 -9999.00 -9999.00 -9999.00 -9999.00 -9999.00 -9999.00 -9999.00 -9999.00 -9999.00 -9999.00 -9999.00 -9999.00 -9999.00 -9999.00 -9999.00 -9999.00 -9999.00
61.80 42.80 350.05 343.01 343.48 338.13 320.44 307.38 333.03 53.90 66.57 154.65 130.91 122.16 110.30 318.18 319.95 32.14 14.42 187.88 184.69 82.18 84.24 353.40 19.56 91.92 0.90 338.50 321.26 50.02 37.61 48.09 221.72 230.37 236.15 238.66 259.54 258.20 256.16 170.36 162.06 155.43 158.59 200.77 190.84 201.80 241.86 150.32 140.89 253.81 285.90 278.75 193.47 203.84 204.08 -9999.00 -9999.00 -9999.00 -9999.00 -9999.00 -9999.00 -9999.00 -9999.00 -9999.00 -9999.00 -9999.00 -9999.00 -9999.00 -9999.00 -9999.00
319.36 330.95 26.57 97.79 301.22 303.85 312.69 339.54 322.52 305.46 316.53 20.12 4.53 1.05 220.60 180.62 345.78 70.06 346.50 259.38 239.81 232.78 242.24 249.58 245.36 247.99 263.91 261.87 273.14 318.53 68.04 62.10 37.87 104.42 101.31 81.66 311.14 309.47 113.20 121.85 131.24 142.85 127.12 99.21 318.99 310.83 319.71 306.17 305.45 71.98 40.60 354.67 293.59 184.57 185.01 290.56 319.13 331.80 71.90 80.84 321.75 12.72 118.30 116.45 99.36 333.02 75.58 289.44 187.16 283.21
32.41 3.37 266.10 220.60 226.43 23.36 58.06 344.05 5.91 92.39 26.57 298.66 286.13 272.09 285.95 0.00 21.04 100.41 33.69 300.96 282.99 243.43 112.78 99.89 295.02 4.57 105.68 194.04 275.36 271.85 176.19 133.17 117.35 156.08 171.25 261.87 235.01 165.30 134.32 132.54 145.45 157.80 159.73 149.77 150.87 155.32 154.59 153.43 146.93 358.03 323.56 339.84 4.03 32.01 304.16 298.18 294.44 68.20 325.59 315.44 50.48 17.39 14.77 293.50 282.62 61.31 201.25 229.62 248.44 240.67
6.68 73.24 346.61 358.32 244.98 178.10 170.81 170.98 226.70 194.29 216.25 100.60 112.72 240.31 246.08 221.95 169.76 263.00 288.19 298.18 294.84 293.68 109.36 116.92 121.53 134.09 182.73 273.99 182.49 203.20 100.05 94.62 97.85 125.29 144.87 153.43 279.04 281.75 285.07 301.50 89.36 62.20 77.74 73.30 145.30 161.87 244.12 213.16 99.78 2.63 167.20 240.00 245.28 123.44 16.90 52.54 316.79 69.78 95.33 2.23 287.95 275.71 274.57 0.00 69.08 343.30 22.80 143.97 220.76 196.93
