slope.asc
ncols	346
nrows	395
xllcorner	37393081.8093
yllcorner	4168011.4434
cellsize	50
NODATA_value	-9999
[rows 224 to 255 of 395, columns 73 to 145 of 346]
4.22 25.58 24.66 17.66 18.30 20.09 24.82 27.77 24.15 22.59 28.82 30.49 27.75 31.36 33.05 30.60 25.34 15.93 3.20 5.62 11.75 6.06 7.85 3.97 23.97 28.81 30.70 30.49 30.33 29.76 29.08 27.65 16.17 20.75 19.09 5.06 13.00 12.02 19.47 24.18 27.48 19.70 12.42 31.61 27.28 3.37 13.60 23.20 29.08 23.77 14.82 13.90 24.07 14.06 13.44 9.33 11.82 16.76 12.58 18.03 17.18 12.49 18.71 1.28 6.85 12.01 8.15 13.73 15.21 19.93 10.68 15.67 22.67
-9999.00 -9999.00 -9999.00 -9999.00 -9999.00 -9999.00 -9999.00 -9999.00 -9999.00 -9999.00 -9999.00 22.53 15.24 16.25 12.41 15.23 21.54 15.22 22.77 16.71 17.78 23.17 24.64 23.35 7.84 14.71 18.95 15.99 4.42 13.04 17.92 17.15 11.32 12.49 15.56 19.14 18.12 11.07 10.48 11.75 12.06 15.80 10.43 19.43 5.18 13.72 18.09 21.61 22.73 4.45 23.82 19.67 9.60 11.89 22.51 27.94 28.47 28.34 24.27 18.26 19.34 22.17 22.17 18.09 18.91 20.94 14.43 12.25 18.54 21.97 16.03 9.09 10.92
-9999.00 -9999.00 -9999.00 -9999.00 -9999.00 -9999.00 -9999.00 -9999.00 -9999.00 -9999.00 -9999.00 -9999.00 -9999.00 -9999.00 -9999.00 -9999.00 -9999.00 -9999.00 -9999.00 -9999.00 -9999.00 -9999.00 -9999.00 -9999.00 -9999.00 -9999.00 -9999.00 -9999.00 -9999.00 -9999.00 -9999.00 -9999.00 -9999.00 -9999.00 -9999.00 -9999.00 -9999.00 -9999.00 -9999.00 -9999.00 -9999.00 -9999.00 -9999.00 -9999.00 -9999.00 -9999.00 -9999.00 -9999.00 -9999.00 -9999.00 -9999.00 -9999.00 -9999.00 -9999.00 -9999.00 -9999.00 -9999.00 -9999.00 -9999.00 -9999.00 19.56 15.51 17.04 12.76 22.65 14.91 17.38 26.74 12.88 22.96 26.40 13.50 23.34
-9999.00 -9999.00 -9999.00 -9999.00 -9999.00 -9999.00 -9999.00 -9999.00 -9999.00 -9999.00 -9999.00 -9999.00 -9999.00 -9999.00 -9999.00 -9999.00 -9999.00 -9999.00 -9999.00 -9999.00 -9999.00 -9999.00 -9999.00 -9999.00 -9999.00 -9999.00 -9999.00 -9999.00 -9999.00 -9999.00 -9999.00 -9999.00 -9999.00 -9999.00 -9999.00 -9999.00 -9999.00 -9999.00 -9999.00 -9999.00 -9999.00 -9999.00 -9999.00 -9999.00 -9999.00 -9999.00 -9999.00 -9999.00 -9999.00 -9999.00 -9999.00 -9999.00 -9999.00 -9999.00 -9999.00 -9999.00 -9999.00 -9999.00 -9999.00 -9999.00 -9999.00 -9999.00 -9999.00 -9999.00 -9999.00 -9999.00 -9999.00 -9999.00 -9999.00 -9999.00 -9999.00 -9999.00 -9999.00
10.75 12.22 17.49 20.75 12.25 11.68 23.50 24.70 21.22 17.96 16.25 13.03 14.02 8.46 5.98 14.57 11.69 11.84 12.08 7.87 14.04 14.94 7.84 17.44 25.22 9.89 8.59 7.33 12.86 -9999.00 -9999.00 -9999.00 -9999.00 -9999.00 -9999.00 -9999.00 -9999.00 -9999.00 -9999.00 -9999.00 -9999.00 -9999.00 -9999.00 -9999.00 -9999.00 -9999.00 -9999.00 -9999.00 -9999.00 -9999.00 -9999.00 -9999.00 -9999.00 -9999.00 -9999.00 -9999.00 -9999.00 -9999.00 -9999.00 -9999.00 -9999.00 -9999.00 -9999.00 -9999.00 -9999.00 -9999.00 -9999.00 -9999.00 -9999.00 -9999.00 -9999.00 -9999.00 -9999.00
21.21 17.32 8.26 7.25 13.88 16.34 14.55 14.85 13.41 14.79 17.39 7.83 15.68 9.33 13.90 11.18 9.80 12.74 16.07 22.95 14.49 10.75 19.50 19.55 19.12 19.27 12.83 16.66 20.23 15.98 14.22 8.57 12.66 22.77 12.02 2.31 12.98 13.54 9.66 25.06 22.81 3.91 15.39 17.88 15.09 9.84 14.33 3.44 32.84 22.63 4.65 12.48 10.48 10.51 20.98 19.13 19.99 23.51 20.72 16.02 20.16 28.24 25.40 17.47 6.88 11.21 12.10 18.76 18.34 7.52 3.04 4.95 23.64
18.48 11.38 36.40 27.08 18.94 10.82 18.53 18.54 10.83 3.09 11.32 24.89 16.39 6.07 11.52 10.76 13.52 15.58 16.16 13.69 9.40 14.54 20.98 10.50 25.08 11.50 12.08 21.39 23.96 27.30 26.26 10.48 1.63 16.68 20.03 7.68 18.00 25.22 22.98 18.21 12.30 13.96 12.04 5.69 2.26 7.71 8.37 8.53 11.07 19.49 21.98 15.72 9.18 13.76 7.39 5.59 11.38 12.21 13.55 21.82 20.60 6.08 14.47 9.39 16.84 11.09 20.33 19.75 9.75 9.08 23.34 25.36 24.10
13.19 16.04 9.96 18.68 12.41 14.22 10.66 18.14 24.96 3.58 26.83 10.16 19.89 16.96 9.14 9.75 9.20 12.31 8.53 8.55 9.73 19.14 14.19 8.46 22.68 29.83 30.36 24.06 18.13 8.64 23.26 21.72 14.90 20.65 16.91 5.59 13.36 10.77 0.00 0.00 13.75 21.59 14.63 6.66 10.93 11.72 15.91 24.35 23.21 3.66 14.85 20.19 29.29 12.02 11.01 9.37 20.07 14.79 15.26 14.28 24.54 16.81 10.16 15.35 14.85 14.80 12.90 11.60 8.15 9.87 6.77 18.60 23.01
8.76 10.58 13.23 11.69 17.02 17.62 21.78 20.44 18.37 16.12 10.64 7.26 12.68 5.91 6.61 5.87 16.96 23.91 26.06 27.46 25.70 11.17 20.95 28.37 21.98 16.39 19.18 14.66 22.81 34.74 39.52 38.92 33.90 30.50 28.85 26.67 20.09 23.57 21.15 17.64 19.65 18.75 11.99 10.79 12.95 11.01 7.64 5.39 7.49 7.28 11.89 12.44 21.26 11.26 12.79 7.57 18.73 24.23 3.72 28.49 12.59 19.29 21.00 10.14 16.31 11.28 11.26 9.96 14.24 6.62 16.46 20.63 15.23
-9999.00 -9999.00 -9999.00 -9999.00 -9999.00 -9999.00 -9999.00 -9999.00 -9999.00 -9999.00 18.10 20.53 25.10 27.52 15.87 7.09 8.38 16.58 13.52 2.24 1.42 7.30 12.43 11.19 1.74 8.25 14.28 11.50 5.94 14.17 5.91 15.73 4.99 3.20 9.64 15.04 10.63 5.78 8.12 10.03 4.73 23.63 10.09 11.56 12.94 12.08 13.79 1.43 11.27 20.72 9.68 21.39 6.94 10.04 13.69 11.69 13.46 11.21 11.84 8.39 6.70 5.94 6.41 5.81 6.66 5.83 12.69 15.28 15.08 8.38 14.55 25.68 29.93
-9999.00 -9999.00 -9999.00 -9999.00 -9999.00 -9999.00 -9999.00 -9999.00 -9999.00 -9999.00 -9999.00 -9999.00 -9999.00 -9999.00 -9999.00 -9999.00 -9999.00 -9999.00 -9999.00 -9999.00 -9999.00 -9999.00 -9999.00 -9999.00 -9999.00 -9999.00 -9999.00 -9999.00 -9999.00 -9999.00 -9999.00 -9999.00 -9999.00 -9999.00 -9999.00 -9999.00 -9999.00 -9999.00 -9999.00 -9999.00 -9999.00 -9999.00 -9999.00 -9999.00 -9999.00 -9999.00 -9999.00 -9999.00 -9999.00 -9999.00 -9999.00 -9999.00 -9999.00 -9999.00 -9999.00 -9999.00 -9999.00 -9999.00 -9999.00 22.92 20.70 21.25 16.70 14.91 19.47 15.62 7.33 12.40 6.26 4.09 1.46 10.57 12.25
-9999.00 -9999.00 -9999.00 -9999.00 -9999.00 -9999.00 -9999.00 -9999.00 -9999.00 -9999.00 -9999.00 -9999.00 -9999.00 -9999.00 -9999.00 -9999.00 -9999.00 -9999.00 -9999.00 -9999.00 -9999.00 -9999.00 -9999.00 -9999.00 -9999.00 -9999.00 -9999.00 -9999.00 -9999.00 -9999.00 -9999.00 -9999.00 -9999.00 -9999.00 -9999.00 -9999.00 -9999.00 -9999.00 -9999.00 -9999.00 -9999.00 -9999.00 -9999.00 -9999.00 -9999.00 -9999.00 -9999.00 -9999.00 -9999.00 -9999.00 -9999.00 -9999.00 -9999.00 -9999.00 -9999.00 -9999.00 -9999.00 -9999.00 -9999.00 -9999.00 -9999.00 -9999.00 -9999.00 -9999.00 -9999.00 -9999.00 -9999.00 -9999.00 -9999.00 -9999.00 -9999.00 -9999.00 -9999.00
16.11 21.11 25.00 26.77 19.66 20.45 22.67 14.63 25.98 23.36 20.94 23.17 21.54 11.15 10.22 6.70 7.52 5.10 7.38 6.57 7.54 8.29 15.77 18.05 5.55 21.43 9.99 12.59 8.95 8.65 13.09 -9999.00 -9999.00 -9999.00 -9999.00 -9999.00 -9999.00 -9999.00 -9999.00 -9999.00 -9999.00 -9999.00 -9999.00 -9999.00 -9999.00 -9999.00 -9999.00 -9999.00 -9999.00 -9999.00 -9999.00 -9999.00 -9999.00 -9999.00 -9999.00 -9999.00 -9999.00 -9999.00 -9999.00 -9999.00 -9999.00 -9999.00 -9999.00 -9999.00 -9999.00 -9999.00 -9999.00 -9999.00 -9999.00 -9999.00 -9999.00 -9999.00 -9999.00
12.87 7.28 19.89 21.36 17.32 6.15 19.92 11.20 23.20 23.99 3.54 19.50 20.21 20.18 13.54 7.48 16.24 17.05 13.27 18.17 20.52 16.71 15.57 5.06 12.25 5.83 5.29 10.97 16.23 4.54 21.15 26.98 15.40 6.71 27.51 10.27 25.20 19.16 10.82 12.48 14.71 29.65 19.27 8.98 17.47 22.13 24.71 13.35 12.21 13.00 13.11 13.70 12.75 14.97 26.63 26.99 6.46 21.10 18.41 12.23 13.25 19.86 13.52 16.46 11.46 10.11 2.75 15.41 5.06 17.99 9.65 16.57 22.02
12.91 13.23 20.64 20.93 17.07 5.44 7.26 18.66 22.24 10.42 13.87 13.30 8.51 8.92 14.52 19.47 7.69 22.67 4.95 24.48 7.72 14.75 16.40 23.98 20.93 5.25 19.83 10.99 21.23 31.61 28.72 22.42 13.92 14.31 25.02 23.17 12.45 6.50 17.62 23.35 25.45 26.68 26.15 21.37 10.79 10.50 11.82 13.16 17.48 17.84 7.68 10.62 24.08 25.47 12.56 17.22 14.66 25.63 19.42 11.05 18.85 16.14 13.51 2.26 7.08 16.73 15.91 11.75 14.82 14.25 13.72 6.11 18.75
8.68 13.38 11.80 5.05 3.89 14.29 15.57 9.69 21.71 27.11 12.18 25.61 11.40 22.48 11.02 8.98 5.49 13.25 9.64 16.34 23.39 11.89 15.40 13.99 16.64 12.80 9.71 19.44 22.30 18.69 21.37 39.93 28.27 15.25 16.13 2.43 0.00 0.41 0.57 5.88 16.62 8.93 7.41 19.85 20.64 15.35 8.25 9.52 14.03 12.12 9.88 15.85 15.42 4.92 8.73 10.83 16.09 21.15 16.43 11.60 6.33 13.38 14.54 9.60 11.55 19.91 18.14 9.70 24.19 10.04 17.69 17.29 10.02
10.66 8.11 9.47 9.93 14.17 3.10 5.02 1.67 14.54 20.72 12.06 10.24 14.90 9.41 17.96 8.67 8.84 15.72 13.65 10.76 17.76 11.37 16.89 15.22 6.76 7.69 17.58 20.73 3.29 16.89 18.12 12.10 24.85 17.76 10.73 7.96 24.35 24.23 14.43 14.31 25.68 31.93 33.23 31.45 27.02 28.75 25.40 12.94 1.18 10.31 19.83 24.14 20.22 12.38 1.73 7.04 11.20 21.81 28.85 23.06 23.13 9.02 20.30 9.69 11.31 9.34 15.00 9.80 20.57 18.64 15.80 10.78 13.19
-9999.00 -9999.00 -9999.00 -9999.00 -9999.00 -9999.00 -9999.00 -9999.00 -9999.00 -9999.00 -9999.00 -9999.00 6.70 8.76 17.04 16.70 16.35 12.57 17.62 17.58 10.64 0.84 8.11 16.17 20.62 15.56 16.73 20.53 16.58 9.71 28.42 16.04 15.21 11.15 24.15 6.86 17.83 31.01 12.18 11.62 14.72 16.54 12.14 14.89 10.92 8.05 24.66 17.96 8.19 10.77 8.28 11.98 13.97 12.12 8.29 12.45 13.09 7.56 24.28 28.43 18.12 8.81 9.97 18.42 10.94 8.70 18.82 14.25 11.16 14.63 13.10 11.56 16.57
-9999.00 -9999.00 -9999.00 -9999.00 -9999.00 -9999.00 -9999.00 -9999.00 -9999.00 -9999.00 -9999.00 -9999.00 -9999.00 -9999.00 -9999.00 -9999.00 -9999.00 -9999.00 -9999.00 -9999.00 -9999.00 -9999.00 -9999.00 -9999.00 -9999.00 -9999.00 -9999.00 -9999.00 -9999.00 -9999.00 -9999.00 -9999.00 -9999.00 -9999.00 -9999.00 -9999.00 -9999.00 -9999.00 -9999.00 -9999.00 -9999.00 -9999.00 -9999.00 -9999.00 -9999.00 -9999.00 -9999.00 -9999.00 -9999.00 -9999.00 -9999.00 -9999.00 -9999.00 -9999.00 -9999.00 -9999.00 -9999.00 -9999.00 -9999.00 -9999.00 -9999.00 14.85 20.45 22.58 21.16 13.90 13.40 16.56 21.36 24.00 18.10 13.25 7.33
-9999.00 -9999.00 -9999.00 -9999.00 -9999.00 -9999.00 -9999.00 -9999.00 -9999.00 -9999.00 -9999.00 -9999.00 -9999.00 -9999.00 -9999.00 -9999.00 -9999.00 -9999.00 -9999.00 -9999.00 -9999.00 -9999.00 -9999.00 -9999.00 -9999.00 -9999.00 -9999.00 -9999.00 -9999.00 -9999.00 -9999.00 -9999.00 -9999.00 -9999.00 -9999.00 -9999.00 -9999.00 -9999.00 -9999.00 -9999.00 -9999.00 -9999.00 -9999.00 -9999.00 -9999.00 -9999.00 -9999.00 -9999.00 -9999.00 -9999.00 -9999.00 -9999.00 -9999.00 -9999.00 -9999.00 -9999.00 -9999.00 -9999.00 -9999.00 -9999.00 -9999.00 -9999.00 -9999.00 -9999.00 -9999.00 -9999.00 -9999.00 -9999.00 -9999.00 -9999.00 -9999.00 -9999.00 -9999.00
4.86 18.42 7.82 18.71 14.71 4.22 6.38 9.28 8.65 9.96 4.58 16.27 12.14 15.97 14.20 1.01 12.97 18.31 19.18 19.77 18.70 18.39 24.11 21.35 11.26 13.77 11.62 -9999.00 -9999.00 -9999.00 -9999.00 -9999.00 -9999.00 -9999.00 -9999.00 -9999.00 -9999.00 -9999.00 -9999.00 -9999.00 -9999.00 -9999.00 -9999.00 -9999.00 -9999.00 -9999.00 -9999.00 -9999.00 -9999.00 -9999.00 -9999.00 -9999.00 -9999.00 -9999.00 -9999.00 -9999.00 -9999.00 -9999.00 -9999.00 -9999.00 -9999.00 -9999.00 -9999.00 -9999.00 -9999.00 -9999.00 -9999.00 -9999.00 -9999.00 -9999.00 -9999.00 -9999.00 -9999.00
9.49 22.29 30.28 20.41 22.80 27.82 5.00 32.66 27.57 6.96 25.78 17.11 16.06 2.37 10.06 4.86 19.29 16.19 7.45 2.95 10.18 19.75 14.52 19.11 19.66 11.79 4.92 19.49 25.85 28.98 32.01 30.99 24.56 9.90 15.80 31.84 18.79 27.91 22.34 2.44 3.29 14.05 28.21 19.96 13.17 9.35 3.34 20.19 20.82 5.91 21.13 8.46 16.25 17.36 1.15 5.19 4.22 13.51 10.51 13.46 14.09 3.45 9.47 18.37 24.34 24.65 26.20 24.60 23.28 20.29 15.24 15.35 17.41
23.83 11.75 12.59 6.63 17.84 17.98 12.85 13.34 17.82 17.87 1.82 20.03 8.31 13.88 19.58 24.03 11.67 18.89 22.13 21.94 22.08 15.69 4.65 13.14 7.15 10.66 7.52 16.70 25.32 26.63 28.58 25.86 17.10 18.12 23.08 19.87 27.25 26.73 17.20 11.72 20.37 12.67 13.80 20.17 12.40 16.77 33.65 34.53 27.95 19.46 7.78 22.15 26.49 22.87 24.42 5.30 28.99 28.82 11.10 25.83 19.94 15.47 0.64 12.74 15.91 11.27 7.01 9.06 4.85 8.61 15.94 11.55 19.34
28.31 27.30 30.17 23.22 9.11 18.61 17.99 14.68 14.11 5.61 11.26 13.72 13.80 7.87 12.30 19.47 15.62 17.02 9.68 25.12 18.66 15.00 16.33 8.27 5.02 25.36 13.34 14.28 13.83 14.98 27.81 23.25 21.98 21.49 15.79 11.10 7.85 11.12 19.81 18.09 19.84 16.24 16.30 29.54 8.92 12.85 16.51 16.39 16.86 21.57 15.58 8.21 10.11 14.14 17.30 18.91 16.05 6.93 16.53 14.39 14.09 18.07 8.95 18.26 23.68 12.13 15.30 22.36 18.62 18.10 3.85 20.11 23.47
8.29 21.82 9.32 21.25 2.90 8.90 16.33 8.92 10.21 5.60 13.92 31.41 20.76 4.87 9.35 9.94 7.77 4.42 13.52 17.08 6.59 26.59 32.60 6.99 18.81 11.75 15.96 12.57 16.59 15.52 4.27 12.05 7.14 9.87 6.28 11.85 17.59 5.96 16.00 12.41 14.62 15.07 5.69 19.47 24.33 26.45 22.75 11.07 22.93 22.11 21.26 22.89 11.20 23.96 22.67 16.48 19.54 22.32 13.13 5.61 10.18 22.28 6.74 4.47 25.36 15.03 22.93 9.96 26.88 17.22 13.69 19.00 7.13
-9999.00 -9999.00 -9999.00 -9999.00 -9999.00 -9999.00 -9999.00 -9999.00 -9999.00 -9999.00 20.63 19.50 13.08 4.17 20.16 26.42 29.38 33.16 32.19 26.16 13.54 11.92 23.81 25.71 23.97 23.33 21.11 25.08 14.43 28.45 13.92 23.48 28.44 25.42 21.58 22.98 20.62 30.05 17.82 17.50 18.55 9.63 12.18 30.34 14.84 26.04 21.80 22.52 16.76 15.20 23.47 13.26 23.09 11.03 9.37 19.05 7.52 9.76 10.06 3.29 23.76 29.18 11.36 8.34 13.73 10.64 9.88 12.32 25.35 13.91 12.25 32.87 25.27
-9999.00 -9999.00 -9999.00 -9999.00 -9999.00 -9999.00 -9999.00 -9999.00 -9999.00 -9999.00 -9999.00 -9999.00 -9999.00 -9999.00 -9999.00 -9999.00 -9999.00 -9999.00 -9999.00 -9999.00 -9999.00 -9999.00 -9999.00 -9999.00 -9999.00 -9999.00 -9999.00 -9999.00 -9999.00 -9999.00 -9999.00 -9999.00 -9999.00 -9999.00 -9999.00 -9999.00 -9999.00 -9999.00 -9999.00 -9999.00 -9999.00 -9999.00 -9999.00 -9999.00 -9999.00 -9999.00 -9999.00 -9999.00 -9999.00 -9999.00 -9999.00 -9999.00 -9999.00 -9999.00 -9999.00 -9999.00 -9999.00 -9999.00 -9999.00 24.07 22.15 19.29 24.11 14.94 1.73 12.88 24.26 32.09 33.65 31.20 19.34 3.99 14.28
-9999.00 -9999.00 -9999.00 -9999.00 -9999.00 -9999.00 -9999.00 -9999.00 -9999.00 -9999.00 -9999.00 -9999.00 -9999.00 -9999.00 -9999.00 -9999.00 -9999.00 -9999.00 -9999.00 -9999.00 -9999.00 -9999.00 -9999.00 -9999.00 -9999.00 -9999.00 -9999.00 -9999.00 -9999.00 -9999.00 -9999.00 -9999.00 -9999.00 -9999.00 -9999.00 -9999.00 -9999.00 -9999.00 -9999.00 -9999.00 -9999.00 -9999.00 -9999.00 -9999.00 -9999.00 -9999.00 -9999.00 -9999.00 -9999.00 -9999.00 -9999.00 -9999.00 -9999.00 -9999.00 -9999.00 -9999.00 -9999.00 -9999.00 -9999.00 -9999.00 -9999.00 -9999.00 -9999.00 -9999.00 -9999.00 -9999.00 -9999.00 -9999.00 -9999.00 -9999.00 -9999.00 -9999.00 -9999.00
22.35 13.10 15.64 27.99 26.34 12.25 4.49 13.27 22.08 18.45 7.46 15.99 13.72 7.64 -9999.00 -9999.00 -9999.00 -9999.00 -9999.00 -9999.00 -9999.00 -9999.00 -9999.00 -9999.00 -9999.00 -9999.00 -9999.00 -9999.00 -9999.00 -9999.00 -9999.00 -9999.00 -9999.00 -9999.00 -9999.00 -9999.00 -9999.00 -9999.00 -9999.00 -9999.00 -9999.00 -9999.00 -9999.00 -9999.00 -9999.00 -9999.00 -9999.00 -9999.00 -9999.00 -9999.00 -9999.00 -9999.00 -9999.00 -9999.00 -9999.00 -9999.00 -9999.00 -9999.00 -9999.00 -9999.00 -9999.00 -9999.00 -9999.00 -9999.00 -9999.00 -9999.00 -9999.00 -9999.00 -9999.00 -9999.00 -9999.00 -9999.00 -9999.00
28.59 26.67 22.71 10.62 3.98 2.64 18.16 25.26 26.64 26.89 25.25 11.03 28.39 22.43 14.20 4.07 10.61 9.34 16.23 19.57 16.69 11.02 6.89 17.49 28.87 29.56 3.01 28.58 30.07 18.81 4.80 12.61 19.77 20.75 12.02 15.72 25.04 4.52 12.80 10.95 15.68 19.85 17.26 9.96 5.96 17.70 19.59 14.05 4.33 23.09 27.03 11.26 11.64 22.67 27.13 13.70 6.32 4.49 19.00 25.79 20.49 14.29 -9999.00 -9999.00 -9999.00 -9999.00 -9999.00 -9999.00 -9999.00 -9999.00 -9999.00 -9999.00 -9999.00
23.15 8.37 9.93 14.10 13.00 9.09 20.78 20.38 7.01 21.25 16.39 15.87 26.36 12.76 25.39 26.77 5.69 18.50 27.30 26.37 25.38 24.53 15.94 24.70 26.83 15.99 23.86 25.58 27.47 26.20 15.30 9.44 15.55 16.07 20.00 21.02 12.06 5.98 20.47 23.33 15.75 3.01 15.06 18.57 13.22 27.99 24.77 19.40 18.25 15.77 25.21 22.79 20.89 8.84 17.52 28.11 26.67 24.99 21.43 26.81 24.65 14.58 14.46 14.89 8.21 15.39 14.84 15.17 23.60 23.03 17.07 9.07 4.80
9.53 14.12 19.91 25.84 20.25 10.46 17.28 33.54 16.92 29.62 28.59 33.03 34.12 27.56 23.89 21.91 13.23 6.06 0.29 9.49 20.03 28.85 28.60 17.16 8.54 13.48 14.55 16.77 9.72 3.58 4.43 20.82 30.88 27.28 16.56 10.16 4.34 6.96 14.91 18.25 20.10 20.94 17.14 9.36 24.82 22.02 7.87 22.17 9.25 26.69 17.84 13.71 15.26 15.21 12.32 7.22 20.43 22.53 9.87 18.94 11.27 24.50 24.34 15.49 12.71 7.89 21.88 23.04 20.89 23.64 26.27 26.25 12.94
