slope.asc
ncols	346
nrows	395
xllcorner	37393081.8093
yllcorner	4168011.4434
cellsize	50
NODATA_value	-9999
[rows 256 to 287 of 395, columns 146 to 218 of 346]
9.59 11.80 9.35 18.16 8.44 8.64 2.81 13.37 24.58 30.66 20.99 12.52 9.64 1.15 8.56 11.99 15.80 19.77 16.55 12.96 30.18 22.29 7.47 27.84 9.57 22.30 24.38 26.56 25.62 22.58 19.46 10.83 6.65 23.23 28.62 6.82 19.48 6.32 28.16 25.97 9.43 14.36 22.63 21.08 22.30 21.99 16.96 24.42 21.83 19.69 19.57 14.97 18.78 14.30 5.90 17.29 18.05 9.96 9.44 10.42 14.80 18.23 18.46 16.57 8.95 17.44 20.96 14.43 15.74 13.00 12.14 25.29 8.96
15.31 18.75 19.00 12.88 28.47 7.71 30.77 5.15 34.06 14.60 16.27 5.42 13.21 13.90 27.38 14.38 17.08 22.40 18.26 14.20 10.58 26.30 8.17 17.70 8.47 7.05 22.03 20.15 5.16 16.99 18.21 13.74 12.84 4.73 15.73 8.29 4.34 20.72 29.09 29.31 30.33 29.58 20.79 11.07 9.91 8.53 1.01 14.88 22.13 15.52 9.87 17.92 9.81 6.82 10.41 4.05 5.49 21.43 32.09 24.77 16.18 15.13 6.07 4.47 8.68 12.30 13.31 9.02 14.37 29.08 27.70 3.14 30.55
21.07 20.81 11.76 29.06 19.77 17.48 7.22 6.46 10.68 17.71 19.92 22.98 30.93 37.45 39.19 36.48 31.38 24.17 8.60 5.87 6.78 10.39 20.94 29.59 35.60 30.06 16.98 21.35 8.70 13.01 12.98 13.23 6.05 24.94 8.17 24.69 20.46 22.43 14.91 22.84 32.00 21.51 6.00 20.87 24.22 21.88 18.79 24.59 35.64 5.21 19.47 13.09 20.30 27.34 12.27 30.99 2.92 31.91 15.45 16.74 9.90 10.60 21.84 21.04 10.32 23.74 12.13 11.59 18.70 19.42 20.31 11.09 11.41
-9999.00 -9999.00 -9999.00 -9999.00 -9999.00 -9999.00 -9999.00 -9999.00 -9999.00 -9999.00 -9999.00 -9999.00 -9999.00 -9999.00 -9999.00 -9999.00 -9999.00 -9999.00 -9999.00 -9999.00 -9999.00 -9999.00 -9999.00 -9999.00 -9999.00 -9999.00 -9999.00 -9999.00 -9999.00 -9999.00 -9999.00 -9999.00 -9999.00 -9999.00 -9999.00 21.57 27.82 28.41 22.49 15.35 18.21 18.91 14.72 10.62 13.42 29.62 37.16 23.41 10.54 8.17 5.18 18.36 26.76 13.38 21.26 21.43 16.32 18.73 19.29 8.40 2.75 10.34 18.01 22.61 27.62 30.91 30.15 21.97 4.77 2.86 8.07 15.99 23.95
-9999.00 -9999.00 -9999.00 -9999.00 -9999.00 -9999.00 -9999.00 -9999.00 -9999.00 -9999.00 -9999.00 -9999.00 -9999.00 -9999.00 -9999.00 -9999.00 -9999.00 -9999.00 -9999.00 -9999.00 -9999.00 -9999.00 -9999.00 -9999.00 -9999.00 -9999.00 -9999.00 -9999.00 -9999.00 -9999.00 -9999.00 -9999.00 -9999.00 -9999.00 -9999.00 -9999.00 -9999.00 -9999.00 -9999.00 -9999.00 -9999.00 -9999.00 -9999.00 -9999.00 -9999.00 -9999.00 -9999.00 -9999.00 -9999.00 -9999.00 -9999.00 -9999.00 -9999.00 -9999.00 -9999.00 -9999.00 -9999.00 -9999.00 -9999.00 -9999.00 -9999.00 -9999.00 -9999.00 -9999.00 -9999.00 -9999.00 -9999.00 -9999.00 -9999.00 -9999.00 -9999.00 -9999.00 -9999.00
-9999.00 -9999.00 -9999.00 -9999.00 -9999.00 -9999.00 -9999.00 -9999.00 -9999.00 -9999.00 -9999.00 -9999.00 -9999.00 -9999.00 -9999.00 -9999.00 -9999.00 -9999.00 -9999.00 -9999.00 -9999.00 -9999.00 -9999.00 -9999.00 -9999.00 -9999.00 -9999.00 -9999.00 -9999.00 -9999.00 -9999.00 -9999.00 -9999.00 -9999.00 -9999.00 -9999.00 -9999.00 -9999.00 -9999.00 -9999.00 -9999.00 -9999.00 -9999.00 -9999.00 -9999.00 -9999.00 -9999.00 -9999.00 -9999.00 -9999.00 -9999.00 -9999.00 -9999.00 -9999.00 -9999.00 -9999.00 -9999.00 -9999.00 -9999.00 -9999.00 -9999.00 -9999.00 -9999.00 -9999.00 -9999.00 -9999.00 -9999.00 -9999.00 -9999.00 -9999.00 -9999.00 -9999.00 -9999.00
20.51 13.72 25.52 8.82 21.62 31.63 15.77 19.47 20.68 10.90 18.12 22.08 21.13 18.49 11.69 13.97 15.59 14.86 15.11 21.43 20.29 18.69 17.88 21.26 22.70 8.82 19.02 22.97 -9999.00 -9999.00 -9999.00 -9999.00 -9999.00 -9999.00 -9999.00 -9999.00 -9999.00 -9999.00 -9999.00 -9999.00 -9999.00 -9999.00 -9999.00 -9999.00 -9999.00 -9999.00 -9999.00 -9999.00 -9999.00 -9999.00 -9999.00 -9999.00 -9999.00 -9999.00 -9999.00 -9999.00 -9999.00 -9999.00 -9999.00 -9999.00 -9999.00 -9999.00 -9999.00 -9999.00 -9999.00 -9999.00 -9999.00 -9999.00 -9999.00 -9999.00 -9999.00 -9999.00 -9999.00
12.40 8.27 10.48 12.58 14.30 14.20 8.17 8.22 18.22 24.52 20.04 4.36 18.37 19.80 9.41 25.88 6.86 28.28 17.02 22.39 17.44 23.39 19.83 25.65 30.33 7.94 21.33 19.55 21.65 23.68 28.56 27.79 16.00 4.06 11.86 13.36 12.82 21.19 8.11 13.26 20.25 21.67 20.77 23.81 21.91 8.37 18.39 26.78 4.05 24.41 16.63 24.86 27.00 33.49 30.65 2.63 27.13 23.34 14.26 4.15 16.80 18.49 14.68 14.84 15.40 17.22 18.20 15.38 17.19 16.42 11.59 10.29 17.38
13.06 14.88 22.91 15.42 16.13 21.36 5.26 13.27 18.70 22.93 18.85 13.04 14.43 10.85 0.81 2.83 10.83 16.63 17.87 17.88 16.89 13.34 18.08 23.90 4.74 8.65 22.05 14.06 3.97 17.71 23.09 9.32 20.15 26.02 10.60 1.63 11.14 19.82 22.41 26.60 24.86 15.64 5.47 6.61 12.20 9.76 5.37 15.09 20.88 23.81 20.91 13.08 9.44 9.59 7.75 2.31 5.49 10.12 14.93 22.54 16.97 8.68 22.57 8.10 24.59 10.85 23.43 19.69 12.33 23.53 11.83 26.40 28.44
22.85 7.30 28.99 8.46 11.62 24.17 10.45 7.08 15.33 17.11 8.05 25.53 16.29 14.52 23.05 9.00 17.39 14.09 9.04 10.35 11.62 13.27 11.97 14.96 28.47 21.08 5.44 15.66 13.53 14.72 9.73 18.13 14.58 30.30 2.99 23.68 5.44 16.39 15.42 6.02 17.42 11.32 17.22 6.85 12.81 29.37 30.49 26.97 22.03 10.81 3.58 19.97 18.66 21.61 21.59 10.93 11.86 3.26 20.43 23.56 16.54 16.58 15.21 3.34 0.00 3.45 12.71 14.87 14.06 10.88 3.66 20.02 20.94
22.91 6.45 12.49 23.35 21.61 7.10 12.94 19.50 17.84 22.89 18.85 11.86 5.15 14.13 20.65 23.51 25.18 16.07 13.78 23.21 23.73 25.94 28.29 20.44 17.30 35.01 29.27 30.93 30.71 27.79 35.43 12.23 34.57 26.16 25.58 30.60 37.36 36.41 27.63 20.73 22.79 24.20 15.94 3.15 9.52 23.27 30.19 30.11 26.48 21.10 10.03 25.95 13.77 14.91 22.67 10.77 7.83 8.49 7.25 15.35 22.35 18.97 13.91 26.12 8.68 14.57 12.78 7.55 9.02 15.94 12.14 23.29 7.71
-9999.00 -9999.00 -9999.00 -9999.00 -9999.00 -9999.00 -9999.00 -9999.00 -9999.00 -9999.00 -9999.00 -9999.00 -9999.00 -9999.00 -9999.00 -9999.00 -9999.00 -9999.00 -9999.00 -9999.00 -9999.00 -9999.00 -9999.00 -9999.00 -9999.00 -9999.00 -9999.00 -9999.00 -9999.00 -9999.00 -9999.00 -9999.00 -9999.00 -9999.00 -9999.00 -9999.00 -9999.00 -9999.00 14.33 4.99 11.45 11.44 8.42 11.03 15.91 17.35 21.50 23.24 20.73 5.87 19.92 22.37 15.65 7.69 15.78 30.45 31.09 28.57 23.00 13.62 7.13 11.21 11.77 12.88 12.41 18.86 11.80 14.16 24.61 24.78 24.15 9.84 19.90
-9999.00 -9999.00 -9999.00 -9999.00 -9999.00 -9999.00 -9999.00 -9999.00 -9999.00 -9999.00 -9999.00 -9999.00 -9999.00 -9999.00 -9999.00 -9999.00 -9999.00 -9999.00 -9999.00 -9999.00 -9999.00 -9999.00 -9999.00 -9999.00 -9999.00 -9999.00 -9999.00 -9999.00 -9999.00 -9999.00 -9999.00 -9999.00 -9999.00 -9999.00 -9999.00 -9999.00 -9999.00 -9999.00 -9999.00 -9999.00 -9999.00 -9999.00 -9999.00 -9999.00 -9999.00 -9999.00 -9999.00 -9999.00 -9999.00 -9999.00 -9999.00 -9999.00 -9999.00 -9999.00 -9999.00 -9999.00 -9999.00 -9999.00 -9999.00 -9999.00 -9999.00 -9999.00 -9999.00 -9999.00 -9999.00 -9999.00 -9999.00 -9999.00 -9999.00 -9999.00 -9999.00 -9999.00 -9999.00
-9999.00 -9999.00 -9999.00 -9999.00 -9999.00 -9999.00 -9999.00 -9999.00 -9999.00 -9999.00 -9999.00 -9999.00 -9999.00 -9999.00 -9999.00 -9999.00 -9999.00 -9999.00 -9999.00 -9999.00 -9999.00 -9999.00 -9999.00 -9999.00 -9999.00 -9999.00 -9999.00 -9999.00 -9999.00 -9999.00 -9999.00 -9999.00 -9999.00 -9999.00 -9999.00 -9999.00 -9999.00 -9999.00 -9999.00 -9999.00 -9999.00 -9999.00 -9999.00 -9999.00 -9999.00 -9999.00 -9999.00 -9999.00 -9999.00 -9999.00 -9999.00 -9999.00 -9999.00 -9999.00 -9999.00 -9999.00 -9999.00 -9999.00 -9999.00 -9999.00 -9999.00 -9999.00 -9999.00 -9999.00 -9999.00 -9999.00 -9999.00 -9999.00 -9999.00 -9999.00 -9999.00 -9999.00 -9999.00
14.88 25.89 32.62 20.05 11.26 15.65 23.15 19.91 16.62 19.25 22.72 22.20 8.27 9.85 11.31 1.82 9.51 11.12 12.15 17.07 20.73 20.75 -9999.00 -9999.00 -9999.00 -9999.00 -9999.00 -9999.00 -9999.00 -9999.00 -9999.00 -9999.00 -9999.00 -9999.00 -9999.00 -9999.00 -9999.00 -9999.00 -9999.00 -9999.00 -9999.00 -9999.00 -9999.00 -9999.00 -9999.00 -9999.00 -9999.00 -9999.00 -9999.00 -9999.00 -9999.00 -9999.00 -9999.00 -9999.00 -9999.00 -9999.00 -9999.00 -9999.00 -9999.00 -9999.00 -9999.00 -9999.00 -9999.00 -9999.00 -9999.00 -9999.00 -9999.00 -9999.00 -9999.00 -9999.00 -9999.00 -9999.00 -9999.00
17.35 5.91 13.80 16.17 3.06 11.82 17.39 16.97 8.11 15.72 31.09 29.84 14.14 26.98 11.35 29.40 5.34 24.06 26.33 11.54 12.30 15.81 12.06 15.14 20.80 24.05 25.72 23.90 21.52 21.72 21.32 15.65 7.39 12.36 13.38 10.54 16.74 10.57 11.75 23.26 24.31 22.96 18.24 9.47 27.27 30.28 4.62 20.73 25.21 12.29 25.99 32.75 17.53 22.47 20.73 2.08 13.71 4.80 10.70 17.18 14.93 17.18 19.50 17.58 15.23 16.44 16.48 14.98 18.86 21.91 24.42 25.29 22.33
19.98 17.40 13.60 10.49 12.71 13.77 13.57 10.14 1.22 14.46 21.85 22.30 18.66 12.49 9.05 9.16 4.33 0.00 0.00 1.22 6.76 13.59 20.91 28.89 24.68 11.09 25.84 25.82 10.83 14.04 33.10 33.02 21.13 22.55 20.06 22.70 23.45 18.57 13.46 10.31 11.91 17.93 22.72 19.83 8.54 6.33 17.53 15.77 10.42 18.33 17.67 19.76 27.32 17.32 16.38 18.51 14.36 22.23 15.17 27.08 33.72 3.98 30.75 4.80 24.83 28.60 12.73 6.50 14.84 26.57 29.73 30.15 29.52
20.00 15.87 9.15 6.78 11.07 19.83 20.91 6.16 17.66 25.44 24.80 17.27 18.24 7.26 25.89 14.85 12.98 9.34 20.39 12.71 24.52 14.04 18.10 14.04 13.19 13.69 14.50 27.82 24.15 20.70 32.24 10.07 20.80 28.35 21.02 23.33 25.47 18.10 31.96 31.15 25.76 17.53 11.88 12.07 7.19 1.42 1.01 8.87 15.81 15.64 18.26 21.34 22.85 21.68 20.32 19.18 19.51 19.13 14.18 9.26 8.83 10.35 13.23 14.33 13.46 11.07 6.96 2.64 0.20 0.00 1.82 12.27 27.14
18.77 32.33 29.29 22.45 16.97 11.56 24.72 29.24 11.02 24.75 29.08 25.76 17.23 20.68 9.31 10.14 9.73 12.16 9.00 18.85 18.73 15.21 11.59 22.19 25.72 27.48 23.29 19.54 18.49 13.69 9.04 16.81 8.53 15.49 17.00 8.73 17.04 14.10 11.07 18.10 23.94 19.52 13.91 11.82 12.29 5.71 21.45 15.61 21.72 20.30 24.06 27.02 26.35 26.18 24.51 19.85 10.96 5.94 14.84 20.09 23.43 17.47 9.96 21.81 19.85 18.39 20.05 20.72 12.08 26.18 16.05 16.20 12.60
-9999.00 -9999.00 -9999.00 -9999.00 -9999.00 -9999.00 -9999.00 -9999.00 -9999.00 -9999.00 -9999.00 -9999.00 -9999.00 -9999.00 -9999.00 -9999.00 -9999.00 -9999.00 -9999.00 -9999.00 -9999.00 -9999.00 -9999.00 -9999.00 -9999.00 -9999.00 -9999.00 -9999.00 -9999.00 -9999.00 -9999.00 -9999.00 -9999.00 -9999.00 -9999.00 -9999.00 -9999.00 -9999.00 -9999.00 -9999.00 -9999.00 -9999.00 -9999.00 -9999.00 -9999.00 27.06 23.46 22.16 18.42 32.48 31.17 19.17 9.71 22.84 27.20 23.87 18.45 3.93 25.09 24.49 22.42 28.76 20.88 5.78 4.85 9.68 9.91 6.85 21.82 20.25 8.82 12.12 22.14
-9999.00 -9999.00 -9999.00 -9999.00 -9999.00 -9999.00 -9999.00 -9999.00 -9999.00 -9999.00 -9999.00 -9999.00 -9999.00 -9999.00 -9999.00 -9999.00 -9999.00 -9999.00 -9999.00 -9999.00 -9999.00 -9999.00 -9999.00 -9999.00 -9999.00 -9999.00 -9999.00 -9999.00 -9999.00 -9999.00 -9999.00 -9999.00 -9999.00 -9999.00 -9999.00 -9999.00 -9999.00 -9999.00 -9999.00 -9999.00 -9999.00 -9999.00 -9999.00 -9999.00 -9999.00 -9999.00 -9999.00 -9999.00 -9999.00 -9999.00 -9999.00 -9999.00 -9999.00 -9999.00 -9999.00 -9999.00 -9999.00 -9999.00 -9999.00 -9999.00 -9999.00 -9999.00 -9999.00 -9999.00 -9999.00 -9999.00 -9999.00 -9999.00 -9999.00 -9999.00 -9999.00 -9999.00 -9999.00
-9999.00 -9999.00 -9999.00 -9999.00 -9999.00 -9999.00 -9999.00 -9999.00 -9999.00 -9999.00 -9999.00 -9999.00 -9999.00 -9999.00 -9999.00 -9999.00 -9999.00 -9999.00 -9999.00 -9999.00 -9999.00 -9999.00 -9999.00 -9999.00 -9999.00 -9999.00 -9999.00 -9999.00 -9999.00 -9999.00 -9999.00 -9999.00 -9999.00 -9999.00 -9999.00 -9999.00 -9999.00 -9999.00 -9999.00 -9999.00 -9999.00 -9999.00 -9999.00 -9999.00 -9999.00 -9999.00 -9999.00 -9999.00 -9999.00 -9999.00 -9999.00 -9999.00 -9999.00 -9999.00 -9999.00 -9999.00 -9999.00 -9999.00 -9999.00 -9999.00 -9999.00 -9999.00 -9999.00 -9999.00 -9999.00 -9999.00 -9999.00 -9999.00 -9999.00 -9999.00 -9999.00 -9999.00 -9999.00
22.54 21.52 16.70 14.30 12.88 16.33 14.67 8.53 10.64 14.30 11.19 5.42 16.80 23.38 24.14 22.32 19.01 13.14 -9999.00 -9999.00 -9999.00 -9999.00 -9999.00 -9999.00 -9999.00 -9999.00 -9999.00 -9999.00 -9999.00 -9999.00 -9999.00 -9999.00 -9999.00 -9999.00 -9999.00 -9999.00 -9999.00 -9999.00 -9999.00 -9999.00 -9999.00 -9999.00 -9999.00 -9999.00 -9999.00 -9999.00 -9999.00 -9999.00 -9999.00 -9999.00 -9999.00 -9999.00 -9999.00 -9999.00 -9999.00 -9999.00 -9999.00 -9999.00 -9999.00 -9999.00 -9999.00 -9999.00 -9999.00 -9999.00 -9999.00 -9999.00 -9999.00 -9999.00 -9999.00 -9999.00 -9999.00 -9999.00 -9999.00
9.03 21.67 29.80 21.96 15.08 21.79 8.87 21.34 7.61 8.25 22.14 8.65 19.91 21.54 6.50 30.74 27.81 27.54 31.33 33.13 30.98 29.03 27.26 27.23 25.65 17.89 8.84 18.29 20.15 13.27 2.64 8.46 17.37 23.08 29.25 26.83 18.45 11.12 16.00 30.05 13.60 24.70 29.05 0.29 27.69 22.91 21.51 22.68 19.85 17.14 23.96 27.16 27.61 26.96 26.52 20.88 15.83 23.76 23.50 22.16 10.60 17.23 23.34 18.45 15.72 16.17 -9999.00 -9999.00 -9999.00 -9999.00 -9999.00 -9999.00 -9999.00
15.23 15.31 21.81 12.15 16.86 11.62 3.29 6.70 22.31 25.47 18.60 16.19 10.16 2.59 12.48 20.69 24.61 22.80 11.47 2.54 2.63 2.45 1.18 3.53 23.74 29.32 19.00 4.80 24.98 1.72 26.03 22.67 16.81 15.67 16.12 17.33 23.23 28.00 25.90 16.74 7.77 5.43 6.65 9.24 9.87 12.32 15.72 2.26 13.95 13.87 8.82 24.66 30.14 4.07 25.50 13.34 20.39 18.61 17.67 0.81 26.72 12.42 12.00 19.47 32.07 22.68 16.97 6.47 8.40 13.96 21.18 25.25 27.01
21.39 8.40 24.38 30.00 26.62 20.39 24.14 32.01 17.09 12.38 28.32 34.39 33.18 33.78 30.50 24.81 16.80 22.66 28.17 5.06 20.02 19.23 17.38 19.22 20.72 22.83 23.59 21.19 9.00 14.79 26.50 18.99 14.00 23.29 18.71 23.64 23.67 14.10 31.55 31.41 24.23 16.77 12.92 23.15 22.68 6.08 24.22 28.06 28.29 30.31 23.45 5.35 17.24 24.89 19.49 15.89 14.86 22.71 23.28 29.28 29.55 24.75 23.03 20.59 14.76 12.68 22.86 19.25 4.72 2.56 2.90 1.81 1.22
-9999.00 -9999.00 17.09 4.54 19.25 23.73 20.85 10.49 8.90 18.34 18.83 12.16 29.19 29.09 24.74 18.69 15.03 16.48 18.00 21.50 10.42 16.92 17.86 20.49 23.07 13.37 8.88 15.87 13.92 12.22 7.57 12.62 14.22 13.00 9.15 21.66 21.17 22.35 18.69 9.81 9.71 18.31 15.45 16.36 20.40 26.16 27.59 29.13 25.01 6.46 22.88 22.25 18.59 16.08 23.62 27.70 25.22 6.15 24.72 31.90 32.97 29.26 21.49 12.12 21.48 27.68 31.21 19.44 15.12 27.85 22.42 21.53 25.53
-9999.00 -9999.00 -9999.00 -9999.00 -9999.00 -9999.00 -9999.00 -9999.00 -9999.00 -9999.00 -9999.00 -9999.00 -9999.00 -9999.00 -9999.00 -9999.00 -9999.00 -9999.00 -9999.00 -9999.00 -9999.00 -9999.00 -9999.00 -9999.00 -9999.00 -9999.00 -9999.00 -9999.00 -9999.00 -9999.00 -9999.00 -9999.00 -9999.00 -9999.00 -9999.00 -9999.00 -9999.00 -9999.00 -9999.00 -9999.00 -9999.00 -9999.00 -9999.00 -9999.00 -9999.00 -9999.00 -9999.00 -9999.00 -9999.00 -9999.00 -9999.00 -9999.00 9.52 13.95 15.16 20.31 18.43 15.43 19.06 18.32 33.19 38.15 26.98 10.34 13.35 15.99 11.56 11.49 19.44 21.00 9.88 6.42 5.85
-9999.00 -9999.00 -9999.00 -9999.00 -9999.00 -9999.00 -9999.00 -9999.00 -9999.00 -9999.00 -9999.00 -9999.00 -9999.00 -9999.00 -9999.00 -9999.00 -9999.00 -9999.00 -9999.00 -9999.00 -9999.00 -9999.00 -9999.00 -9999.00 -9999.00 -9999.00 -9999.00 -9999.00 -9999.00 -9999.00 -9999.00 -9999.00 -9999.00 -9999.00 -9999.00 -9999.00 -9999.00 -9999.00 -9999.00 -9999.00 -9999.00 -9999.00 -9999.00 -9999.00 -9999.00 -9999.00 -9999.00 -9999.00 -9999.00 -9999.00 -9999.00 -9999.00 -9999.00 -9999.00 -9999.00 -9999.00 -9999.00 -9999.00 -9999.00 -9999.00 -9999.00 -9999.00 -9999.00 -9999.00 -9999.00 -9999.00 -9999.00 -9999.00 -9999.00 -9999.00 -9999.00 -9999.00 -9999.00
-9999.00 -9999.00 -9999.00 -9999.00 -9999.00 -9999.00 -9999.00 -9999.00 -9999.00 -9999.00 -9999.00 -9999.00 -9999.00 -9999.00 -9999.00 -9999.00 -9999.00 -9999.00 -9999.00 -9999.00 -9999.00 -9999.00 -9999.00 -9999.00 -9999.00 -9999.00 -9999.00 -9999.00 -9999.00 -9999.00 -9999.00 -9999.00 -9999.00 -9999.00 -9999.00 -9999.00 -9999.00 -9999.00 -9999.00 -9999.00 -9999.00 -9999.00 -9999.00 -9999.00 -9999.00 -9999.00 -9999.00 -9999.00 -9999.00 -9999.00 -9999.00 -9999.00 -9999.00 -9999.00 -9999.00 -9999.00 -9999.00 -9999.00 -9999.00 -9999.00 -9999.00 -9999.00 -9999.00 -9999.00 -9999.00 -9999.00 -9999.00 -9999.00 -9999.00 -9999.00 -9999.00 -9999.00 -9999.00
20.75 19.59 22.29 23.26 22.04 15.93 13.71 16.42 16.91 11.79 -9999.00 -9999.00 -9999.00 -9999.00 -9999.00 -9999.00 -9999.00 -9999.00 -9999.00 -9999.00 -9999.00 -9999.00 -9999.00 -9999.00 -9999.00 -9999.00 -9999.00 -9999.00 -9999.00 -9999.00 -9999.00 -9999.00 -9999.00 -9999.00 -9999.00 -9999.00 -9999.00 -9999.00 -9999.00 -9999.00 -9999.00 -9999.00 -9999.00 -9999.00 -9999.00 -9999.00 -9999.00 -9999.00 -9999.00 -9999.00 -9999.00 -9999.00 -9999.00 -9999.00 -9999.00 -9999.00 -9999.00 -9999.00 -9999.00 -9999.00 -9999.00 -9999.00 -9999.00 -9999.00 -9999.00 -9999.00 -9999.00 -9999.00 -9999.00 -9999.00 -9999.00 -9999.00 -9999.00
25.15 20.11 6.70 27.06 30.19 21.66 3.78 29.17 30.41 29.29 32.62 30.05 23.39 12.44 5.26 15.44 15.89 14.28 9.12 5.06 10.15 10.40 12.15 18.35 12.44 8.48 8.81 20.74 26.70 11.82 19.65 8.37 24.47 9.51 19.75 20.02 17.44 13.88 12.78 6.33 9.24 15.54 13.53 15.31 15.68 10.90 6.45 4.25 4.52 9.29 13.90 16.57 17.16 10.54 7.52 11.22 14.48 16.61 16.36 -9999.00 -9999.00 -9999.00 -9999.00 -9999.00 -9999.00 -9999.00 -9999.00 -9999.00 -9999.00 -9999.00 -9999.00 -9999.00 -9999.00
