slope.asc
ncols	346
nrows	395
xllcorner	37393081.8093
yllcorner	4168011.4434
cellsize	50
NODATA_value	-9999
[rows 96 to 127 of 395, columns 0 to 72 of 346]
33.37 20.39 7.08 6.66 11.69 1.18 39.73 35.49 0.00 0.00 6.65 22.61 13.92 8.19 8.73 4.92 10.48 10.76 15.46 5.12 12.30 8.11 12.68 16.43 17.09 11.02 1.03 12.14 13.21 8.15 24.26 24.34 17.74 12.48 13.79 7.13 7.28 14.54 16.91 13.23 2.00 17.68 23.33 9.66 13.09 12.78 12.04 6.74 15.09 15.40 12.94 9.66 10.30 21.33 21.70 20.21 11.21 13.46 25.88 21.50 23.73 12.73 24.70 25.43 26.40 18.97 5.60 9.15 8.68 11.79 14.74 20.37 23.30
-9999.00 -9999.00 -9999.00 -9999.00 -9999.00 -9999.00 -9999.00 -9999.00 -9999.00 -9999.00 -9999.00 -9999.00 -9999.00 11.60 17.07 24.60 17.80 6.15 4.76 18.33 24.61 16.37 4.58 8.14 3.72 29.10 29.37 10.66 12.28 28.55 34.68 21.08 4.57 20.62 30.34 34.00 32.18 26.89 23.47 25.60 24.70 21.09 18.75 12.76 14.30 25.35 17.47 16.79 7.82 25.18 17.44 10.46 8.84 12.56 6.85 38.60 34.61 0.00 0.00 2.43 22.02 19.04 5.27 8.27 4.72 3.35 8.27 8.67 8.53 12.71 6.05 11.22 14.44
-9999.00 -9999.00 -9999.00 -9999.00 -9999.00 -9999.00 -9999.00 -9999.00 -9999.00 -9999.00 -9999.00 -9999.00 -9999.00 -9999.00 -9999.00 -9999.00 -9999.00 -9999.00 -9999.00 -9999.00 -9999.00 -9999.00 -9999.00 -9999.00 -9999.00 -9999.00 -9999.00 -9999.00 -9999.00 -9999.00 -9999.00 -9999.00 -9999.00 -9999.00 -9999.00 -9999.00 -9999.00 -9999.00 -9999.00 -9999.00 -9999.00 -9999.00 -9999.00 -9999.00 -9999.00 -9999.00 -9999.00 -9999.00 -9999.00 -9999.00 -9999.00 -9999.00 -9999.00 -9999.00 -9999.00 -9999.00 -9999.00 -9999.00 -9999.00 -9999.00 -9999.00 -9999.00 22.82 23.67 20.41 7.84 23.39 26.56 21.48 18.57 14.61 9.46 12.83
-9999.00 -9999.00 -9999.00 -9999.00 -9999.00 -9999.00 -9999.00 -9999.00 -9999.00 -9999.00 -9999.00 -9999.00 -9999.00 -9999.00 -9999.00 -9999.00 -9999.00 -9999.00 -9999.00 -9999.00 -9999.00 -9999.00 -9999.00 -9999.00 -9999.00 -9999.00 -9999.00 -9999.00 -9999.00 -9999.00 -9999.00 -9999.00 -9999.00 -9999.00 -9999.00 -9999.00 -9999.00 -9999.00 -9999.00 -9999.00 -9999.00 -9999.00 -9999.00 -9999.00 -9999.00 -9999.00 -9999.00 -9999.00 -9999.00 -9999.00 -9999.00 -9999.00 -9999.00 -9999.00 -9999.00 -9999.00 -9999.00 -9999.00 -9999.00 -9999.00 -9999.00 -9999.00 -9999.00 -9999.00 -9999.00 -9999.00 -9999.00 -9999.00 -9999.00 -9999.00 -9999.00 -9999.00 -9999.00
21.78 13.43 8.54 13.60 10.97 21.06 3.09 11.82 14.28 16.10 13.43 9.85 15.88 4.67 21.61 6.41 14.71 13.23 13.18 10.92 10.46 11.62 12.04 12.13 12.05 -9999.00 -9999.00 -9999.00 -9999.00 -9999.00 -9999.00 -9999.00 -9999.00 -9999.00 -9999.00 -9999.00 -9999.00 -9999.00 -9999.00 -9999.00 -9999.00 -9999.00 -9999.00 -9999.00 -9999.00 -9999.00 -9999.00 -9999.00 -9999.00 -9999.00 -9999.00 -9999.00 -9999.00 -9999.00 -9999.00 -9999.00 -9999.00 -9999.00 -9999.00 -9999.00 -9999.00 -9999.00 -9999.00 -9999.00 -9999.00 -9999.00 -9999.00 -9999.00 -9999.00 -9999.00 -9999.00 -9999.00 -9999.00
21.27 24.46 26.82 26.41 27.11 27.20 25.47 21.00 17.98 12.57 5.87 12.80 11.38 13.11 24.82 6.43 20.66 21.16 13.47 20.93 15.10 24.89 22.29 18.75 13.60 13.38 24.24 15.13 23.08 23.89 10.82 4.25 4.99 5.61 12.37 17.80 13.80 13.42 9.77 3.26 6.27 8.54 7.09 11.62 15.72 15.58 12.85 1.83 15.98 24.78 24.91 16.09 7.41 8.97 20.94 10.89 3.85 11.56 15.97 16.96 2.43 17.91 7.26 23.51 7.33 22.81 10.88 2.70 4.25 6.52 9.93 12.56 14.10
13.94 21.35 15.59 10.77 17.88 1.82 14.25 13.57 8.07 22.28 5.81 24.61 20.85 7.55 16.48 15.45 20.24 12.28 3.65 18.31 11.87 12.60 16.16 13.97 17.95 15.15 6.46 4.27 11.79 22.82 22.23 20.21 28.12 18.19 8.81 11.16 17.01 15.00 5.61 11.59 17.54 18.01 17.36 17.80 19.20 11.65 1.67 9.53 19.06 20.69 20.69 21.33 15.65 4.99 8.37 10.62 2.59 8.05 12.06 15.97 8.49 17.81 12.96 20.41 15.56 17.56 17.60 15.75 20.50 26.91 30.73 22.97 16.18
5.16 15.14 6.71 4.99 13.38 17.38 9.53 11.56 23.10 22.68 12.83 14.63 17.12 3.58 22.17 30.96 32.34 13.59 12.61 15.59 8.19 17.38 25.65 29.54 29.54 22.31 9.80 13.57 15.46 4.97 16.95 30.27 30.87 23.99 16.36 20.51 11.01 21.93 27.02 19.41 9.44 16.81 29.12 26.35 1.81 14.13 16.11 17.83 13.34 9.06 18.48 7.86 17.28 12.16 8.17 9.71 13.79 2.02 21.00 6.05 25.23 18.73 12.06 16.33 15.64 18.23 10.42 11.70 19.67 13.31 11.65 15.66 8.31
18.34 9.83 13.50 20.21 19.69 8.46 7.48 12.55 11.00 8.42 14.58 15.79 8.11 14.36 0.81 11.42 12.62 7.30 2.46 9.41 0.00 7.83 14.04 9.79 4.86 6.46 6.90 13.54 15.08 15.47 7.55 3.17 3.29 7.39 10.27 9.96 16.97 12.31 18.74 16.17 5.34 9.06 13.61 12.32 12.33 13.52 9.41 8.56 12.96 6.43 12.21 9.08 8.01 9.85 9.27 12.52 11.47 15.78 22.89 15.50 17.78 10.75 29.52 29.25 27.76 26.45 6.90 23.62 23.74 19.49 13.50 19.77 20.11
-9999.00 -9999.00 -9999.00 -9999.00 -9999.00 -9999.00 -9999.00 -9999.00 -9999.00 -9999.00 -9999.00 -9999.00 -9999.00 -9999.00 -9999.00 -9999.00 -9999.00 -9999.00 -9999.00 -9999.00 15.10 16.73 20.67 21.53 20.93 2.90 23.54 15.91 22.86 3.93 26.92 22.41 22.51 18.21 17.55 20.84 29.21 24.44 13.55 8.46 9.47 8.40 2.72 9.85 19.54 20.43 18.20 15.42 10.75 13.28 19.99 15.56 18.03 26.26 13.13 3.86 9.27 17.84 15.43 5.43 10.73 9.68 17.63 2.18 13.77 10.90 10.62 2.90 10.20 2.02 3.53 5.89 7.22
-9999.00 -9999.00 -9999.00 -9999.00 -9999.00 -9999.00 -9999.00 -9999.00 -9999.00 -9999.00 -9999.00 -9999.00 -9999.00 -9999.00 -9999.00 -9999.00 -9999.00 -9999.00 -9999.00 -9999.00 -9999.00 -9999.00 -9999.00 -9999.00 -9999.00 -9999.00 -9999.00 -9999.00 -9999.00 -9999.00 -9999.00 -9999.00 -9999.00 -9999.00 -9999.00 -9999.00 -9999.00 -9999.00 -9999.00 -9999.00 -9999.00 -9999.00 -9999.00 -9999.00 -9999.00 -9999.00 -9999.00 -9999.00 -9999.00 -9999.00 -9999.00 -9999.00 -9999.00 -9999.00 -9999.00 -9999.00 -9999.00 -9999.00 -9999.00 -9999.00 -9999.00 -9999.00 -9999.00 -9999.00 -9999.00 -9999.00 -9999.00 -9999.00 -9999.00 12.40 15.50 22.08 19.73
-9999.00 -9999.00 -9999.00 -9999.00 -9999.00 -9999.00 -9999.00 -9999.00 -9999.00 -9999.00 -9999.00 -9999.00 -9999.00 -9999.00 -9999.00 -9999.00 -9999.00 -9999.00 -9999.00 -9999.00 -9999.00 -9999.00 -9999.00 -9999.00 -9999.00 -9999.00 -9999.00 -9999.00 -9999.00 -9999.00 -9999.00 -9999.00 -9999.00 -9999.00 -9999.00 -9999.00 -9999.00 -9999.00 -9999.00 -9999.00 -9999.00 -9999.00 -9999.00 -9999.00 -9999.00 -9999.00 -9999.00 -9999.00 -9999.00 -9999.00 -9999.00 -9999.00 -9999.00 -9999.00 -9999.00 -9999.00 -9999.00 -9999.00 -9999.00 -9999.00 -9999.00 -9999.00 -9999.00 -9999.00 -9999.00 -9999.00 -9999.00 -9999.00 -9999.00 -9999.00 -9999.00 -9999.00 -9999.00
9.62 10.27 7.00 12.96 11.82 5.98 3.32 13.45 23.10 8.97 21.09 22.92 16.58 21.33 31.51 32.99 32.22 28.78 26.88 25.18 15.91 15.38 13.60 10.85 19.60 -9999.00 -9999.00 -9999.00 -9999.00 -9999.00 -9999.00 -9999.00 -9999.00 -9999.00 -9999.00 -9999.00 -9999.00 -9999.00 -9999.00 -9999.00 -9999.00 -9999.00 -9999.00 -9999.00 -9999.00 -9999.00 -9999.00 -9999.00 -9999.00 -9999.00 -9999.00 -9999.00 -9999.00 -9999.00 -9999.00 -9999.00 -9999.00 -9999.00 -9999.00 -9999.00 -9999.00 -9999.00 -9999.00 -9999.00 -9999.00 -9999.00 -9999.00 -9999.00 -9999.00 -9999.00 -9999.00 -9999.00 -9999.00
23.23 9.15 18.28 24.19 14.49 6.50 13.87 11.02 10.66 24.73 21.72 23.26 21.72 18.35 9.37 6.82 21.18 25.23 21.41 17.66 16.64 17.57 21.56 28.98 29.58 15.05 17.32 15.84 3.26 14.74 16.63 12.82 10.24 17.44 15.39 11.05 12.75 19.15 20.01 19.76 22.53 13.16 7.58 9.85 11.45 16.81 11.40 8.21 27.52 25.72 15.28 12.29 12.85 17.02 7.16 3.32 13.14 24.02 6.33 14.91 21.53 3.78 32.43 31.01 23.88 22.06 18.91 20.92 17.30 13.78 23.93 18.24 8.81
13.65 21.08 5.94 12.12 22.33 6.99 27.09 29.05 8.25 20.55 21.91 25.18 28.11 17.57 14.30 21.08 10.50 10.11 13.24 13.01 12.50 2.02 2.81 3.71 8.64 12.13 15.81 15.44 13.90 12.96 17.87 12.84 23.05 19.34 14.60 17.39 14.16 10.68 12.59 21.18 29.79 25.24 10.48 17.93 32.18 21.89 3.06 12.51 11.24 11.86 23.78 26.54 15.25 0.41 4.54 6.62 20.18 18.99 12.35 20.25 19.27 20.16 16.98 4.17 10.83 17.17 20.18 24.83 23.85 19.25 16.23 9.66 11.80
8.67 5.78 8.27 9.41 8.83 12.62 18.11 17.57 9.16 13.14 24.98 16.56 6.38 4.70 11.50 9.06 4.76 5.16 5.33 19.55 15.84 22.32 25.15 15.10 5.06 14.20 25.49 18.16 19.47 27.00 19.09 11.26 26.70 27.16 21.23 17.50 24.90 19.98 15.25 14.28 23.76 24.16 22.11 20.13 14.07 13.91 11.07 2.18 3.89 18.91 14.68 9.56 17.99 23.88 3.10 24.89 29.62 3.20 19.68 18.21 20.82 20.42 4.65 17.05 25.08 15.91 13.64 18.75 16.82 18.28 7.04 6.63 2.31
19.11 16.70 18.81 19.65 11.34 5.15 16.74 24.52 21.44 10.13 24.23 11.53 18.45 19.18 3.84 14.71 11.43 7.30 17.30 18.71 15.77 3.26 9.96 12.82 10.29 8.68 10.14 5.26 10.92 12.30 6.50 10.51 10.60 0.29 6.52 8.66 10.76 12.96 12.68 9.69 14.16 22.02 24.52 22.45 17.59 8.54 3.66 11.09 13.10 10.45 7.84 10.85 11.21 14.13 12.93 20.94 19.15 17.20 6.23 15.89 25.55 19.14 7.57 9.35 10.62 10.27 13.55 9.71 12.33 10.89 15.01 18.53 15.80
-9999.00 -9999.00 -9999.00 -9999.00 -9999.00 -9999.00 -9999.00 -9999.00 -9999.00 -9999.00 -9999.00 -9999.00 -9999.00 -9999.00 -9999.00 -9999.00 -9999.00 13.09 8.25 10.02 13.18 12.33 9.02 3.93 6.68 11.80 10.62 7.00 6.26 9.51 15.51 18.88 17.12 14.99 13.26 11.86 12.42 10.02 10.11 13.40 20.46 11.80 10.45 13.63 12.48 18.86 21.63 19.60 13.44 20.68 19.11 22.15 19.51 4.25 18.79 20.97 10.35 6.53 10.41 26.88 24.08 10.92 16.33 15.47 6.70 12.92 15.51 11.50 17.35 13.96 8.76 19.53 14.95
-9999.00 -9999.00 -9999.00 -9999.00 -9999.00 -9999.00 -9999.00 -9999.00 -9999.00 -9999.00 -9999.00 -9999.00 -9999.00 -9999.00 -9999.00 -9999.00 -9999.00 -9999.00 -9999.00 -9999.00 -9999.00 -9999.00 -9999.00 -9999.00 -9999.00 -9999.00 -9999.00 -9999.00 -9999.00 -9999.00 -9999.00 -9999.00 -9999.00 -9999.00 -9999.00 -9999.00 -9999.00 -9999.00 -9999.00 -9999.00 -9999.00 -9999.00 -9999.00 -9999.00 -9999.00 -9999.00 -9999.00 -9999.00 -9999.00 -9999.00 -9999.00 -9999.00 -9999.00 -9999.00 -9999.00 -9999.00 -9999.00 -9999.00 -9999.00 -9999.00 -9999.00 -9999.00 -9999.00 -9999.00 -9999.00 -9999.00 13.79 12.98 12.57 17.37 18.16 19.83 16.50
-9999.00 -9999.00 -9999.00 -9999.00 -9999.00 -9999.00 -9999.00 -9999.00 -9999.00 -9999.00 -9999.00 -9999.00 -9999.00 -9999.00 -9999.00 -9999.00 -9999.00 -9999.00 -9999.00 -9999.00 -9999.00 -9999.00 -9999.00 -9999.00 -9999.00 -9999.00 -9999.00 -9999.00 -9999.00 -9999.00 -9999.00 -9999.00 -9999.00 -9999.00 -9999.00 -9999.00 -9999.00 -9999.00 -9999.00 -9999.00 -9999.00 -9999.00 -9999.00 -9999.00 -9999.00 -9999.00 -9999.00 -9999.00 -9999.00 -9999.00 -9999.00 -9999.00 -9999.00 -9999.00 -9999.00 -9999.00 -9999.00 -9999.00 -9999.00 -9999.00 -9999.00 -9999.00 -9999.00 -9999.00 -9999.00 -9999.00 -9999.00 -9999.00 -9999.00 -9999.00 -9999.00 -9999.00 -9999.00
19.60 21.77 30.09 15.57 16.49 23.99 18.83 16.09 12.59 17.62 23.73 22.85 21.02 17.73 17.10 18.83 12.02 8.93 12.52 13.11 6.22 15.10 9.51 8.42 9.30 4.27 5.07 13.57 13.19 5.35 4.45 14.11 20.20 18.08 12.82 -9999.00 -9999.00 -9999.00 -9999.00 18.26 27.37 18.40 16.17 -9999.00 -9999.00 -9999.00 -9999.00 -9999.00 -9999.00 -9999.00 -9999.00 -9999.00 -9999.00 -9999.00 -9999.00 -9999.00 -9999.00 -9999.00 -9999.00 -9999.00 -9999.00 -9999.00 -9999.00 -9999.00 -9999.00 -9999.00 -9999.00 -9999.00 -9999.00 -9999.00 -9999.00 -9999.00 -9999.00
16.75 23.38 13.83 8.26 11.71 22.96 22.12 19.17 11.40 2.95 4.65 11.60 10.68 12.52 22.47 25.25 12.27 10.63 7.10 15.85 15.94 13.91 10.92 7.52 7.39 7.97 3.89 4.43 11.15 9.96 8.28 7.06 3.06 5.59 13.63 15.87 10.57 11.91 17.28 7.75 16.07 14.48 0.81 17.77 23.83 7.22 27.15 31.03 10.60 18.78 15.32 28.35 18.40 19.18 26.91 15.35 9.47 20.23 14.58 0.41 1.92 1.87 6.87 15.20 15.25 15.31 8.86 9.96 11.87 4.27 9.69 10.33 7.89
7.43 6.57 8.12 9.57 6.46 19.59 29.46 26.79 26.82 6.30 27.73 30.81 16.31 16.33 2.11 24.84 25.94 19.43 5.85 19.89 27.78 1.09 12.03 13.23 15.14 7.35 17.04 11.50 20.00 18.55 3.72 9.37 14.20 4.82 11.48 9.41 6.70 16.12 26.17 26.36 25.93 25.83 22.38 20.93 19.51 8.56 3.08 9.27 15.64 22.64 16.44 11.65 12.98 14.63 23.40 21.56 16.81 7.60 2.90 15.07 22.23 24.29 26.35 24.01 13.46 10.66 18.05 11.28 15.89 16.81 12.92 8.29 3.26
17.30 17.49 26.89 32.31 31.26 19.72 7.43 14.36 31.20 18.78 8.96 9.84 22.98 18.26 1.72 20.58 16.34 9.65 20.94 3.20 11.98 10.07 9.58 11.96 14.47 13.00 6.25 14.19 11.32 7.67 12.92 11.24 12.33 9.08 20.10 23.46 16.29 15.00 4.22 18.37 18.73 19.56 24.12 21.50 23.66 30.88 34.53 32.33 26.57 19.05 15.80 8.14 8.39 9.84 18.62 29.13 24.84 24.77 16.03 15.56 30.34 26.34 19.75 6.74 26.27 20.44 18.15 11.92 14.79 30.18 10.62 7.22 15.64
6.76 8.46 13.38 6.14 9.25 17.96 17.16 9.63 9.88 16.12 27.51 19.84 9.26 14.42 26.12 9.59 2.02 17.73 7.10 2.26 4.85 3.37 3.99 8.42 9.43 11.21 12.95 8.14 10.04 13.46 17.28 22.57 23.46 17.66 5.44 13.91 24.82 19.69 3.46 13.80 11.82 7.85 18.66 18.85 9.40 12.10 17.58 13.36 10.39 13.69 8.92 13.27 20.26 28.21 31.36 26.35 2.90 27.88 23.29 20.62 10.30 16.04 21.35 7.16 18.04 20.49 7.30 22.90 9.84 12.67 11.42 12.76 7.07
-9999.00 -9999.00 -9999.00 -9999.00 -9999.00 -9999.00 -9999.00 -9999.00 11.07 14.20 13.43 14.52 31.04 15.66 26.82 27.03 10.88 16.91 19.09 19.87 16.21 24.95 23.13 17.94 30.19 20.39 5.75 13.78 22.31 25.66 9.57 13.40 16.77 14.78 14.57 13.87 6.70 1.63 6.82 16.46 24.99 14.63 8.29 10.83 11.51 13.23 14.63 17.48 17.84 11.69 2.02 11.91 11.60 7.86 5.59 19.35 24.97 19.68 7.13 12.61 25.85 25.92 1.67 27.56 7.21 3.32 19.66 4.07 6.26 5.96 6.05 9.24 11.24
-9999.00 -9999.00 -9999.00 -9999.00 -9999.00 -9999.00 -9999.00 -9999.00 -9999.00 -9999.00 -9999.00 -9999.00 -9999.00 -9999.00 -9999.00 -9999.00 -9999.00 -9999.00 -9999.00 -9999.00 -9999.00 -9999.00 -9999.00 -9999.00 -9999.00 -9999.00 -9999.00 -9999.00 -9999.00 -9999.00 -9999.00 -9999.00 -9999.00 -9999.00 -9999.00 -9999.00 -9999.00 -9999.00 -9999.00 -9999.00 -9999.00 -9999.00 -9999.00 -9999.00 -9999.00 -9999.00 -9999.00 -9999.00 -9999.00 -9999.00 -9999.00 -9999.00 -9999.00 -9999.00 -9999.00 -9999.00 -9999.00 10.66 8.06 18.19 19.07 27.50 17.88 23.35 28.17 5.24 16.33 22.25 27.44 27.26 18.94 21.54 10.60
-9999.00 -9999.00 -9999.00 -9999.00 -9999.00 -9999.00 -9999.00 -9999.00 -9999.00 -9999.00 -9999.00 -9999.00 -9999.00 -9999.00 -9999.00 -9999.00 -9999.00 -9999.00 -9999.00 -9999.00 -9999.00 -9999.00 -9999.00 -9999.00 -9999.00 -9999.00 -9999.00 -9999.00 -9999.00 -9999.00 -9999.00 -9999.00 -9999.00 -9999.00 -9999.00 -9999.00 -9999.00 -9999.00 -9999.00 -9999.00 -9999.00 -9999.00 -9999.00 -9999.00 -9999.00 -9999.00 -9999.00 -9999.00 -9999.00 -9999.00 -9999.00 -9999.00 -9999.00 -9999.00 -9999.00 -9999.00 -9999.00 -9999.00 -9999.00 -9999.00 -9999.00 -9999.00 -9999.00 -9999.00 -9999.00 -9999.00 -9999.00 -9999.00 -9999.00 -9999.00 -9999.00 -9999.00 -9999.00
4.85 15.27 11.92 9.92 7.09 14.17 18.43 2.24 21.31 28.15 1.36 25.67 6.50 19.55 17.48 7.64 12.61 7.57 14.89 15.25 5.72 9.66 9.36 5.71 8.28 12.79 14.48 9.78 5.78 18.29 25.51 18.00 15.46 22.37 6.85 13.37 13.46 17.02 19.31 1.46 17.23 11.72 23.00 7.65 18.29 8.82 3.71 8.66 -9999.00 -9999.00 -9999.00 -9999.00 -9999.00 -9999.00 -9999.00 -9999.00 -9999.00 -9999.00 -9999.00 -9999.00 -9999.00 -9999.00 -9999.00 -9999.00 -9999.00 -9999.00 -9999.00 -9999.00 -9999.00 -9999.00 -9999.00 -9999.00 -9999.00
22.91 13.05 21.93 7.83 15.49 21.40 20.01 22.57 25.21 25.61 22.77 23.53 25.30 13.63 12.13 21.16 16.51 6.70 13.56 12.77 7.33 8.11 14.99 12.85 13.23 8.52 4.93 7.96 5.61 4.49 7.60 10.24 10.57 7.65 10.54 17.39 20.81 15.03 4.37 20.57 24.91 24.56 26.68 23.20 15.66 5.78 8.48 11.70 5.87 11.36 12.98 9.87 9.65 12.11 15.03 12.28 6.82 18.23 28.85 2.26 24.81 8.46 23.29 8.47 9.53 9.61 11.76 7.04 1.91 8.66 13.09 8.21 10.23
28.08 29.88 17.09 10.27 26.83 27.79 26.70 11.07 26.68 26.00 2.50 22.18 26.93 13.47 8.74 8.12 22.98 27.62 11.02 19.29 29.99 13.03 7.22 15.38 17.54 13.37 21.98 12.81 5.51 14.93 4.97 21.43 17.92 11.07 13.83 12.20 2.06 15.05 20.80 4.79 22.05 25.63 24.68 20.75 13.77 10.35 10.83 4.29 14.47 25.72 13.60 20.18 8.32 18.14 19.45 16.84 16.30 12.16 8.11 1.28 1.58 10.76 20.49 17.49 8.10 19.69 17.74 9.21 11.19 11.83 12.52 20.98 18.55
13.15 12.12 13.00 16.98 9.88 11.80 9.25 14.28 26.57 11.75 22.91 19.24 18.94 22.39 20.14 26.66 23.08 16.24 11.87 3.29 9.00 14.98 7.61 15.05 11.70 15.00 16.36 20.10 5.83 16.56 25.84 18.57 8.11 20.15 16.30 11.98 5.49 22.30 16.77 14.93 17.35 12.80 14.57 9.98 21.65 11.92 13.44 21.60 12.91 13.94 29.21 30.27 12.06 7.72 19.09 31.01 24.69 21.10 28.09 0.73 26.43 28.06 4.29 5.85 8.15 24.04 25.79 4.67 27.91 29.12 0.45 7.77 5.62
