slope.asc
ncols	346
nrows	395
xllcorner	37393081.8093
yllcorner	4168011.4434
cellsize	50
NODATA_value	-9999
[rows 256 to 287 of 395, columns 0 to 72 of 346]
-9999.00 -9999.00 -9999.00 -9999.00 -9999.00 -9999.00 -9999.00 -9999.00 -9999.00 -9999.00 -9999.00 -9999.00 -9999.00 -9999.00 -9999.00 -9999.00 -9999.00 -9999.00 -9999.00 -9999.00 -9999.00 -9999.00 -9999.00 -9999.00 -9999.00 -9999.00 -9999.00 -9999.00 -9999.00 -9999.00 -9999.00 -9999.00 21.65 30.42 26.79 22.37 21.14 26.42 32.06 29.44 11.54 18.59 29.92 34.22 31.40 9.63 26.64 31.99 26.26 35.05 27.94 19.57 19.69 14.86 22.25 25.52 28.65 33.18 28.81 20.56 7.91 11.97 16.29 11.41 21.45 31.06 22.32 15.52 14.33 18.82 8.81 29.44 30.06
-9999.00 -9999.00 -9999.00 -9999.00 -9999.00 -9999.00 -9999.00 -9999.00 -9999.00 -9999.00 -9999.00 -9999.00 -9999.00 -9999.00 -9999.00 -9999.00 -9999.00 -9999.00 -9999.00 -9999.00 -9999.00 -9999.00 -9999.00 -9999.00 -9999.00 -9999.00 -9999.00 -9999.00 -9999.00 -9999.00 -9999.00 -9999.00 -9999.00 -9999.00 -9999.00 -9999.00 -9999.00 -9999.00 -9999.00 -9999.00 -9999.00 -9999.00 -9999.00 -9999.00 -9999.00 -9999.00 -9999.00 -9999.00 -9999.00 -9999.00 -9999.00 -9999.00 -9999.00 -9999.00 -9999.00 -9999.00 -9999.00 -9999.00 -9999.00 -9999.00 -9999.00 -9999.00 -9999.00 -9999.00 -9999.00 -9999.00 -9999.00 -9999.00 -9999.00 -9999.00 -9999.00 -9999.00 -9999.00
-9999.00 -9999.00 -9999.00 -9999.00 -9999.00 -9999.00 -9999.00 -9999.00 -9999.00 -9999.00 -9999.00 -9999.00 -9999.00 -9999.00 -9999.00 -9999.00 -9999.00 -9999.00 -9999.00 -9999.00 -9999.00 -9999.00 -9999.00 -9999.00 -9999.00 -9999.00 -9999.00 -9999.00 -9999.00 -9999.00 -9999.00 -9999.00 -9999.00 -9999.00 -9999.00 -9999.00 -9999.00 -9999.00 -9999.00 -9999.00 -9999.00 -9999.00 -9999.00 -9999.00 -9999.00 -9999.00 -9999.00 -9999.00 -9999.00 -9999.00 -9999.00 -9999.00 -9999.00 -9999.00 -9999.00 -9999.00 -9999.00 -9999.00 -9999.00 -9999.00 -9999.00 -9999.00 -9999.00 -9999.00 -9999.00 -9999.00 -9999.00 -9999.00 -9999.00 -9999.00 -9999.00 -9999.00 -9999.00
29.42 22.05 4.43 21.50 25.99 25.31 15.65 9.71 23.24 26.00 28.12 21.19 7.23 18.00 17.16 12.08 19.92 16.61 15.82 22.42 7.13 19.79 25.69 27.52 16.96 13.02 24.46 25.88 22.35 16.29 14.38 -9999.00 -9999.00 -9999.00 -9999.00 -9999.00 -9999.00 -9999.00 -9999.00 -9999.00 -9999.00 -9999.00 -9999.00 -9999.00 -9999.00 -9999.00 -9999.00 -9999.00 -9999.00 -9999.00 -9999.00 -9999.00 -9999.00 -9999.00 -9999.00 -9999.00 -9999.00 -9999.00 -9999.00 -9999.00 -9999.00 -9999.00 -9999.00 -9999.00 -9999.00 -9999.00 -9999.00 -9999.00 -9999.00 -9999.00 -9999.00 -9999.00 -9999.00
10.73 17.92 20.08 13.00 3.24 10.32 14.35 14.54 11.26 12.08 20.27 14.58 7.16 25.29 13.31 19.83 25.16 10.16 14.24 8.97 27.02 27.48 18.52 5.07 5.96 2.26 12.42 11.03 7.67 10.54 11.82 9.96 8.37 18.98 21.26 19.06 12.46 10.16 14.72 8.92 12.82 20.16 10.70 21.40 20.80 8.25 9.68 13.55 9.53 7.08 27.42 32.75 20.60 4.27 12.80 4.89 25.13 22.19 17.20 23.62 22.06 11.60 12.67 12.55 17.87 16.17 5.88 5.66 15.79 12.21 13.28 6.70 19.38
16.36 14.84 12.46 21.18 0.91 19.58 25.38 19.02 14.98 17.18 11.36 1.22 1.62 6.73 13.16 19.69 20.49 22.73 12.76 27.18 17.66 14.67 15.31 18.27 16.98 15.94 11.11 11.01 12.15 19.18 15.02 19.56 32.32 19.44 9.24 5.05 19.55 17.85 20.26 23.03 13.15 22.31 24.33 20.39 17.89 9.53 8.55 9.64 7.55 5.89 7.82 15.94 18.58 15.07 5.19 10.37 17.62 17.44 8.82 20.19 22.83 10.09 24.20 16.66 16.57 25.56 6.14 15.24 9.78 2.46 24.35 29.84 19.24
26.82 15.39 27.98 10.57 24.46 13.32 6.46 21.50 18.58 20.76 15.87 24.93 15.62 17.15 15.38 7.58 11.12 8.72 3.06 12.29 18.41 7.82 16.09 24.50 9.24 21.52 19.00 13.04 20.39 15.06 8.70 17.82 2.56 9.92 22.63 21.79 19.44 13.94 12.12 9.84 23.52 27.22 25.12 23.55 23.50 12.60 8.44 14.22 19.29 14.32 15.72 17.34 18.60 9.02 11.94 26.50 23.04 15.84 15.15 14.47 6.65 1.22 2.75 11.45 19.84 20.59 22.08 18.70 20.25 22.86 9.54 17.79 12.76
11.30 13.40 1.63 2.82 12.94 21.86 21.15 13.94 5.78 5.67 6.32 8.04 7.19 5.89 23.09 33.95 36.04 30.54 27.76 26.90 19.60 15.07 10.76 5.75 13.27 12.69 7.55 2.08 2.26 7.85 5.30 1.63 4.65 0.91 9.85 19.17 29.32 35.79 34.89 29.70 8.27 30.81 28.99 28.16 16.64 22.20 32.19 18.37 8.48 27.31 18.45 19.83 13.47 21.25 14.58 11.60 20.22 22.51 16.53 17.28 18.33 7.67 17.66 11.26 12.98 7.57 6.95 11.70 6.51 11.28 17.34 9.63 17.81
-9999.00 -9999.00 -9999.00 -9999.00 -9999.00 -9999.00 -9999.00 -9999.00 -9999.00 -9999.00 -9999.00 -9999.00 -9999.00 -9999.00 -9999.00 -9999.00 -9999.00 -9999.00 -9999.00 -9999.00 -9999.00 -9999.00 -9999.00 -9999.00 -9999.00 -9999.00 -9999.00 -9999.00 -9999.00 -9999.00 -9999.00 -9999.00 -9999.00 19.91 30.50 32.17 20.58 13.64 32.27 32.93 22.86 19.03 16.66 8.42 15.05 28.26 22.08 19.29 18.23 13.76 14.61 9.04 18.55 26.59 23.65 27.03 28.01 25.89 18.99 13.89 8.29 3.73 19.84 31.71 35.25 33.67 29.38 28.99 29.96 28.21 22.25 17.03 11.37
-9999.00 -9999.00 -9999.00 -9999.00 -9999.00 -9999.00 -9999.00 -9999.00 -9999.00 -9999.00 -9999.00 -9999.00 -9999.00 -9999.00 -9999.00 -9999.00 -9999.00 -9999.00 -9999.00 -9999.00 -9999.00 -9999.00 -9999.00 -9999.00 -9999.00 -9999.00 -9999.00 -9999.00 -9999.00 -9999.00 -9999.00 -9999.00 -9999.00 -9999.00 -9999.00 -9999.00 -9999.00 -9999.00 -9999.00 -9999.00 -9999.00 -9999.00 -9999.00 -9999.00 -9999.00 -9999.00 -9999.00 -9999.00 -9999.00 -9999.00 -9999.00 -9999.00 -9999.00 -9999.00 -9999.00 -9999.00 -9999.00 -9999.00 -9999.00 -9999.00 -9999.00 -9999.00 -9999.00 -9999.00 -9999.00 -9999.00 -9999.00 -9999.00 -9999.00 -9999.00 -9999.00 -9999.00 -9999.00
-9999.00 -9999.00 -9999.00 -9999.00 -9999.00 -9999.00 -9999.00 -9999.00 -9999.00 -9999.00 -9999.00 -9999.00 -9999.00 -9999.00 -9999.00 -9999.00 -9999.00 -9999.00 -9999.00 -9999.00 -9999.00 -9999.00 -9999.00 -9999.00 -9999.00 -9999.00 -9999.00 -9999.00 -9999.00 -9999.00 -9999.00 -9999.00 -9999.00 -9999.00 -9999.00 -9999.00 -9999.00 -9999.00 -9999.00 -9999.00 -9999.00 -9999.00 -9999.00 -9999.00 -9999.00 -9999.00 -9999.00 -9999.00 -9999.00 -9999.00 -9999.00 -9999.00 -9999.00 -9999.00 -9999.00 -9999.00 -9999.00 -9999.00 -9999.00 -9999.00 -9999.00 -9999.00 -9999.00 -9999.00 -9999.00 -9999.00 -9999.00 -9999.00 -9999.00 -9999.00 -9999.00 -9999.00 -9999.00
1.46 19.13 18.31 5.49 10.42 10.11 7.06 7.56 7.10 5.63 16.89 21.54 18.94 17.22 22.83 20.22 20.30 15.11 11.80 13.71 18.82 -9999.00 -9999.00 -9999.00 -9999.00 -9999.00 -9999.00 -9999.00 -9999.00 -9999.00 -9999.00 -9999.00 -9999.00 -9999.00 -9999.00 -9999.00 -9999.00 -9999.00 -9999.00 -9999.00 -9999.00 -9999.00 -9999.00 -9999.00 -9999.00 -9999.00 -9999.00 -9999.00 -9999.00 -9999.00 -9999.00 -9999.00 -9999.00 -9999.00 -9999.00 -9999.00 -9999.00 -9999.00 -9999.00 -9999.00 -9999.00 -9999.00 -9999.00 -9999.00 -9999.00 -9999.00 -9999.00 -9999.00 -9999.00 -9999.00 -9999.00 -9999.00 -9999.00
14.93 17.62 16.52 9.15 12.37 27.94 24.69 16.16 14.10 4.28 20.20 9.85 19.66 12.56 22.62 27.07 11.89 25.03 30.01 3.04 26.34 18.66 13.59 11.82 17.24 19.61 20.80 19.77 17.68 22.17 19.64 14.90 16.98 11.48 11.32 21.02 26.19 20.80 7.57 7.85 22.38 27.44 22.81 7.98 23.27 23.29 20.59 35.87 20.87 16.16 28.99 24.86 25.48 20.77 11.79 3.86 2.31 14.55 26.88 30.60 30.18 26.68 20.37 19.86 15.33 14.11 17.35 22.20 22.89 21.85 -9999.00 -9999.00 -9999.00
22.80 29.46 28.69 24.99 20.49 25.82 15.91 7.87 18.91 23.00 24.94 21.10 13.21 6.76 3.16 5.33 9.25 17.37 23.53 20.37 10.33 8.03 22.68 10.34 14.93 12.94 19.46 24.63 8.95 3.16 7.33 5.56 14.60 21.97 19.74 17.52 16.81 19.34 22.86 13.80 15.05 14.69 12.74 25.85 8.84 20.04 21.80 22.48 12.01 8.37 15.01 12.07 12.16 4.73 13.72 25.69 28.92 26.64 22.08 8.01 23.52 8.59 25.91 6.68 30.04 14.29 24.96 29.04 8.37 24.49 18.37 24.11 27.87
3.48 8.88 12.92 17.74 21.80 18.57 9.74 29.72 28.33 7.58 28.76 6.53 13.91 10.04 14.03 13.01 14.04 16.04 9.96 20.55 22.08 15.93 8.15 15.80 11.88 11.14 27.14 30.52 24.81 14.47 35.67 27.30 7.64 29.79 18.66 20.19 24.29 6.82 18.60 10.35 23.51 14.13 21.45 20.24 21.21 26.15 18.89 10.48 10.42 15.22 21.88 26.97 25.95 23.96 30.14 32.85 27.00 12.32 8.63 15.85 21.48 20.74 16.91 8.46 0.84 6.14 12.33 21.31 26.43 17.10 11.51 24.56 15.55
19.10 6.74 17.09 15.20 17.99 21.71 20.11 2.66 27.81 23.35 12.15 14.45 13.78 11.63 23.42 27.76 18.14 33.21 28.03 26.70 34.18 13.73 33.24 21.66 4.33 17.56 31.65 19.29 15.64 6.45 25.94 14.49 15.20 20.65 13.34 6.80 6.85 3.65 17.29 24.79 23.33 20.97 29.57 37.19 39.70 38.49 28.61 20.54 19.55 18.53 17.09 12.33 0.73 16.74 20.20 14.69 29.45 26.96 15.52 24.63 13.34 14.57 10.68 12.58 10.81 13.17 20.42 4.25 15.94 19.44 14.10 5.09 20.21
-9999.00 -9999.00 -9999.00 -9999.00 -9999.00 -9999.00 -9999.00 -9999.00 -9999.00 -9999.00 -9999.00 -9999.00 -9999.00 -9999.00 -9999.00 -9999.00 -9999.00 -9999.00 -9999.00 -9999.00 -9999.00 -9999.00 -9999.00 -9999.00 -9999.00 -9999.00 -9999.00 -9999.00 -9999.00 -9999.00 -9999.00 -9999.00 -9999.00 -9999.00 -9999.00 -9999.00 -9999.00 -9999.00 -9999.00 -9999.00 27.87 28.23 27.34 19.47 11.93 17.10 22.09 19.59 18.94 4.45 21.43 21.88 19.97 23.25 22.48 29.18 5.55 23.80 27.57 24.78 16.70 12.66 9.06 20.91 25.94 18.10 25.94 10.85 17.14 30.55 14.04 28.75 19.07
-9999.00 -9999.00 -9999.00 -9999.00 -9999.00 -9999.00 -9999.00 -9999.00 -9999.00 -9999.00 -9999.00 -9999.00 -9999.00 -9999.00 -9999.00 -9999.00 -9999.00 -9999.00 -9999.00 -9999.00 -9999.00 -9999.00 -9999.00 -9999.00 -9999.00 -9999.00 -9999.00 -9999.00 -9999.00 -9999.00 -9999.00 -9999.00 -9999.00 -9999.00 -9999.00 -9999.00 -9999.00 -9999.00 -9999.00 -9999.00 -9999.00 -9999.00 -9999.00 -9999.00 -9999.00 -9999.00 -9999.00 -9999.00 -9999.00 -9999.00 -9999.00 -9999.00 -9999.00 -9999.00 -9999.00 -9999.00 -9999.00 -9999.00 -9999.00 -9999.00 -9999.00 -9999.00 -9999.00 -9999.00 -9999.00 -9999.00 -9999.00 -9999.00 -9999.00 -9999.00 -9999.00 -9999.00 -9999.00
-9999.00 -9999.00 -9999.00 -9999.00 -9999.00 -9999.00 -9999.00 -9999.00 -9999.00 -9999.00 -9999.00 -9999.00 -9999.00 -9999.00 -9999.00 -9999.00 -9999.00 -9999.00 -9999.00 -9999.00 -9999.00 -9999.00 -9999.00 -9999.00 -9999.00 -9999.00 -9999.00 -9999.00 -9999.00 -9999.00 -9999.00 -9999.00 -9999.00 -9999.00 -9999.00 -9999.00 -9999.00 -9999.00 -9999.00 -9999.00 -9999.00 -9999.00 -9999.00 -9999.00 -9999.00 -9999.00 -9999.00 -9999.00 -9999.00 -9999.00 -9999.00 -9999.00 -9999.00 -9999.00 -9999.00 -9999.00 -9999.00 -9999.00 -9999.00 -9999.00 -9999.00 -9999.00 -9999.00 -9999.00 -9999.00 -9999.00 -9999.00 -9999.00 -9999.00 -9999.00 -9999.00 -9999.00 -9999.00
8.37 10.24 15.03 18.39 21.35 4.54 15.88 9.79 14.90 10.48 15.68 10.85 11.10 11.82 7.54 6.19 13.64 14.62 13.17 16.05 18.91 -9999.00 -9999.00 -9999.00 -9999.00 -9999.00 -9999.00 -9999.00 -9999.00 -9999.00 -9999.00 -9999.00 -9999.00 -9999.00 -9999.00 -9999.00 -9999.00 -9999.00 -9999.00 -9999.00 -9999.00 -9999.00 -9999.00 -9999.00 -9999.00 -9999.00 -9999.00 -9999.00 -9999.00 -9999.00 -9999.00 -9999.00 -9999.00 -9999.00 -9999.00 -9999.00 -9999.00 -9999.00 -9999.00 -9999.00 -9999.00 -9999.00 -9999.00 -9999.00 -9999.00 -9999.00 -9999.00 -9999.00 -9999.00 -9999.00 -9999.00 -9999.00 -9999.00
9.22 21.11 22.56 5.24 11.09 7.50 10.38 27.99 15.09 28.76 23.17 5.59 23.68 32.06 11.01 17.66 25.16 26.82 23.65 27.15 25.67 23.91 28.35 27.87 27.59 25.02 18.48 6.70 16.17 16.25 14.76 10.66 10.83 13.96 10.42 16.86 13.38 21.15 8.21 23.68 13.30 24.66 27.46 11.01 10.42 21.91 23.61 22.09 21.88 22.23 22.82 22.05 20.94 18.92 14.43 16.37 11.45 14.10 18.46 16.86 9.29 5.09 7.91 13.72 14.93 15.23 13.97 11.83 13.34 19.68 -9999.00 -9999.00 -9999.00
18.93 21.50 22.97 22.93 23.12 23.62 23.73 23.59 23.80 15.40 10.40 11.76 19.47 20.43 12.60 9.31 7.28 3.93 2.86 2.50 6.67 11.53 6.58 14.74 24.41 25.01 17.38 8.19 16.57 23.75 20.81 6.19 12.96 14.54 10.49 6.71 11.72 11.10 7.33 6.78 4.21 9.29 16.31 19.12 20.41 12.42 9.57 26.40 30.44 26.17 9.47 21.30 21.46 8.82 11.11 15.38 11.19 24.09 14.72 33.25 18.50 31.10 27.30 1.73 11.37 12.79 11.43 9.88 14.76 15.81 18.04 23.87 26.43
35.43 34.98 32.25 28.17 25.45 27.30 25.19 21.76 24.72 22.69 6.85 4.28 1.47 11.53 15.88 16.44 13.10 2.90 9.56 15.13 15.78 13.54 8.46 1.73 8.90 12.29 15.64 20.11 23.78 21.72 16.75 9.26 22.43 25.94 28.95 30.40 27.98 19.90 13.67 11.75 17.34 19.97 16.07 15.00 16.39 28.81 25.86 18.82 6.68 8.06 16.87 23.82 26.96 24.03 19.18 18.54 21.43 27.51 27.14 19.51 13.80 18.03 23.27 17.53 12.52 8.98 4.25 2.63 2.81 1.01 2.50 7.33 20.43
16.65 18.23 16.06 16.73 33.33 28.23 17.96 26.24 25.48 8.78 19.24 29.60 22.77 19.58 19.44 12.38 14.84 18.05 22.20 20.81 20.46 19.11 15.07 9.49 8.98 14.72 20.33 23.75 26.71 26.64 25.69 22.86 18.17 15.08 22.29 28.74 21.65 14.17 10.02 14.52 20.30 22.82 17.73 5.90 11.78 20.24 18.61 23.14 32.88 36.60 28.41 21.27 18.78 19.23 19.18 12.68 17.66 23.17 19.00 8.17 17.09 22.43 26.04 24.40 23.73 26.14 25.70 17.41 9.96 14.16 16.05 15.68 14.88
-9999.00 -9999.00 -9999.00 -9999.00 -9999.00 -9999.00 -9999.00 -9999.00 -9999.00 -9999.00 -9999.00 -9999.00 -9999.00 -9999.00 -9999.00 -9999.00 -9999.00 -9999.00 -9999.00 -9999.00 -9999.00 -9999.00 -9999.00 -9999.00 -9999.00 -9999.00 -9999.00 -9999.00 -9999.00 -9999.00 -9999.00 -9999.00 -9999.00 -9999.00 -9999.00 -9999.00 -9999.00 -9999.00 -9999.00 -9999.00 -9999.00 -9999.00 -9999.00 -9999.00 -9999.00 -9999.00 -9999.00 -9999.00 27.66 16.56 16.73 12.05 30.22 31.64 22.04 22.59 18.93 21.23 8.01 25.76 24.39 5.69 19.06 23.69 24.11 28.74 26.22 24.66 22.24 22.20 17.58 15.03 15.68
-9999.00 -9999.00 -9999.00 -9999.00 -9999.00 -9999.00 -9999.00 -9999.00 -9999.00 -9999.00 -9999.00 -9999.00 -9999.00 -9999.00 -9999.00 -9999.00 -9999.00 -9999.00 -9999.00 -9999.00 -9999.00 -9999.00 -9999.00 -9999.00 -9999.00 -9999.00 -9999.00 -9999.00 -9999.00 -9999.00 -9999.00 -9999.00 -9999.00 -9999.00 -9999.00 -9999.00 -9999.00 -9999.00 -9999.00 -9999.00 -9999.00 -9999.00 -9999.00 -9999.00 -9999.00 -9999.00 -9999.00 -9999.00 -9999.00 -9999.00 -9999.00 -9999.00 -9999.00 -9999.00 -9999.00 -9999.00 -9999.00 -9999.00 -9999.00 -9999.00 -9999.00 -9999.00 -9999.00 -9999.00 -9999.00 -9999.00 -9999.00 -9999.00 -9999.00 -9999.00 -9999.00 -9999.00 -9999.00
-9999.00 -9999.00 -9999.00 -9999.00 -9999.00 -9999.00 -9999.00 -9999.00 -9999.00 -9999.00 -9999.00 -9999.00 -9999.00 -9999.00 -9999.00 -9999.00 -9999.00 -9999.00 -9999.00 -9999.00 -9999.00 -9999.00 -9999.00 -9999.00 -9999.00 -9999.00 -9999.00 -9999.00 -9999.00 -9999.00 -9999.00 -9999.00 -9999.00 -9999.00 -9999.00 -9999.00 -9999.00 -9999.00 -9999.00 -9999.00 -9999.00 -9999.00 -9999.00 -9999.00 -9999.00 -9999.00 -9999.00 -9999.00 -9999.00 -9999.00 -9999.00 -9999.00 -9999.00 -9999.00 -9999.00 -9999.00 -9999.00 -9999.00 -9999.00 -9999.00 -9999.00 -9999.00 -9999.00 -9999.00 -9999.00 -9999.00 -9999.00 -9999.00 -9999.00 -9999.00 -9999.00 -9999.00 -9999.00
9.02 2.72 13.69 11.28 18.94 4.72 9.09 17.83 26.00 16.09 18.05 -9999.00 -9999.00 -9999.00 -9999.00 -9999.00 -9999.00 -9999.00 -9999.00 -9999.00 -9999.00 -9999.00 -9999.00 -9999.00 -9999.00 -9999.00 -9999.00 -9999.00 -9999.00 -9999.00 -9999.00 -9999.00 -9999.00 -9999.00 -9999.00 -9999.00 -9999.00 -9999.00 -9999.00 -9999.00 -9999.00 -9999.00 -9999.00 -9999.00 -9999.00 -9999.00 -9999.00 -9999.00 -9999.00 -9999.00 -9999.00 -9999.00 -9999.00 -9999.00 -9999.00 -9999.00 -9999.00 -9999.00 -9999.00 -9999.00 -9999.00 -9999.00 -9999.00 -9999.00 -9999.00 -9999.00 -9999.00 -9999.00 -9999.00 -9999.00 -9999.00 -9999.00 -9999.00
24.28 31.78 5.30 27.22 18.20 23.62 12.06 15.83 3.69 26.04 27.01 15.63 5.55 4.76 13.64 14.84 21.02 17.98 17.23 19.18 18.30 8.28 11.89 15.32 13.80 7.15 7.00 17.69 16.92 8.54 12.62 20.46 20.21 12.06 24.36 20.78 19.69 20.96 13.51 8.76 29.48 27.06 9.09 17.83 17.34 14.45 18.26 24.97 25.41 23.34 19.00 10.53 6.33 14.24 19.67 14.29 0.57 15.31 19.75 14.00 -9999.00 -9999.00 -9999.00 -9999.00 -9999.00 -9999.00 -9999.00 -9999.00 -9999.00 -9999.00 -9999.00 -9999.00 -9999.00
24.97 22.69 15.87 11.41 25.43 28.97 26.18 10.18 14.71 20.19 18.00 16.61 23.06 27.15 20.63 13.64 9.49 5.74 3.39 1.47 1.42 15.68 19.04 7.69 14.61 16.67 9.00 17.68 22.99 19.87 16.53 9.71 11.28 18.33 20.98 15.65 8.53 9.52 8.25 0.91 6.42 16.74 12.85 12.06 12.83 19.10 8.10 19.69 17.19 10.78 31.36 29.41 5.51 21.81 22.22 8.06 5.25 9.26 19.87 24.69 27.08 26.22 24.93 17.98 16.49 20.53 21.19 15.99 18.95 24.04 18.07 9.41 8.73
16.93 23.20 10.18 17.56 8.29 19.89 18.75 15.94 12.68 5.67 21.36 24.83 24.28 19.80 15.05 28.91 21.26 20.88 18.93 10.62 7.04 25.97 26.20 16.14 13.51 15.99 5.70 14.72 15.56 16.48 17.91 20.41 23.71 3.89 21.99 22.50 17.48 13.70 16.02 3.91 24.85 29.44 28.36 32.06 26.70 22.09 8.54 8.40 10.83 18.57 18.93 26.69 18.26 12.00 20.59 10.18 16.00 29.47 25.22 24.44 20.97 23.38 30.84 32.76 29.11 22.91 12.71 4.76 2.70 0.84 8.04 16.06 16.61
-9999.00 -9999.00 -9999.00 -9999.00 -9999.00 -9999.00 11.40 13.21 7.40 1.01 8.68 14.96 10.45 2.31 7.18 11.36 16.04 22.72 19.59 12.12 14.72 18.48 3.53 16.64 10.97 5.74 17.48 15.26 10.57 14.70 13.08 12.52 6.07 2.23 8.17 17.30 26.26 26.02 17.85 3.14 13.37 27.77 33.53 34.88 32.21 27.13 23.39 18.38 10.64 20.08 19.38 15.84 24.58 23.65 13.00 18.52 20.33 19.91 14.35 20.26 21.93 27.14 18.43 20.82 31.65 23.03 23.89 19.35 1.99 14.14 23.60 21.80 12.72
