曹坪.asc
ncols            395
nrows            346
xllcorner     37393081.8093
yllcorner      4168011.4434
cellsize          50
NODATA_value     -9999
[rows 185 to 221 of 346, columns 249 to 331 of 395]
1053 1028 1009 1014 981 960 977 1013 1017 1025 1021 1010 1010 1034 1043 1062 1080 1080 1071 1096 1110 1096 1095 1114 1120 1120 1111 1106 1092 1070 1069 1084 1104 1106 1092 1087 1090 1090 1075 1050 1025 1067 1080 1052 1017 1010 1023 1026 1050 1067 1053 1030 1034 1011 1006 991 990 997 1022 1038 1045 1032 1011 1010 1039 1045 1040 1070 1075 1090 1110 1091 1060 1087 1112 1130 1130 1109 1082 1041 1061 1090 1110
1040 1038 1006 990 970 960 975 1008 1039 1047 1040 1029 1010 1027 1057 1065 1070 1080 1090 1090 1093 1083 1083 1090 1096 1097 1106 1106 1092 1079 1060 1070 1086 1091 1076 1074 1077 1090 1089 1057 1025 1047 1076 1066 1025 1010 1010 1018 1046 1052 1042 1033 1010 1005 990 1002 1008 1010 1042 1069 1074 1060 1040 1039 1016 1024 1043 1049 1066 1086 1108 1106 1074 1087 1114 1128 1109 1102 1076 1036 1065 1095 1114
1014 1030 1010 976 960 960 993 990 1025 1059 1065 1052 1036 1010 1028 1032 1040 1060 1077 1078 1081 1060 1080 1070 1071 1084 1084 1080 1090 1080 1063 1063 1072 1084 1078 1060 1070 1090 1090 1072 1041 1025 1063 1070 1036 1010 1010 1033 1040 1028 1023 1020 995 990 1006 1020 1035 1046 1051 1077 1090 1086 1079 1063 1046 1037 1027 1045 1063 1083 1107 1119 1095 1085 1115 1126 1099 1083 1078 1045 1070 1090 1113
997 1011 993 962 960 969 1004 1025 1011 1056 1083 1080 1063 1043 1030 1060 1060 1076 1078 1067 1064 1060 1070 1064 1069 1074 1066 1081 1090 1082 1061 1060 1064 1080 1080 1060 1061 1078 1090 1085 1046 1010 1052 1066 1050 1016 990 1026 1017 1013 1010 990 990 1009 1031 1041 1054 1062 1085 1077 1104 1109 1104 1091 1077 1062 1040 1044 1060 1078 1105 1123 1117 1090 1117 1130 1102 1080 1066 1055 1070 1084 1102
1013 974 971 960 965 990 1013 1040 1040 1048 1084 1090 1086 1065 1039 1055 1073 1087 1090 1066 1040 1041 1070 1063 1060 1061 1066 1083 1103 1094 1070 1057 1044 1070 1080 1063 1041 1067 1087 1085 1060 1030 1010 1041 1042 1023 990 1010 994 996 990 995 1009 1029 1046 1059 1076 1090 1103 1109 1114 1120 1123 1116 1098 1081 1060 1040 1061 1070 1098 1123 1130 1114 1130 1134 1101 1084 1070 1062 1070 1081 1094
1008 974 960 960 982 995 1015 1040 1039 1056 1074 1090 1090 1084 1066 1052 1060 1078 1083 1070 1045 1037 1062 1055 1040 1060 1060 1083 1107 1105 1082 1061 1045 1054 1074 1071 1034 1048 1072 1070 1070 1047 1017 1010 1013 1020 993 990 990 990 1006 1023 1034 1052 1069 1072 1080 1076 1102 1107 1089 1113 1121 1130 1123 1097 1075 1054 1052 1071 1090 1113 1130 1130 1140 1136 1099 1082 1070 1078 1087 1090 1087
978 960 972 979 970 986 1012 1040 1014 1031 1042 1059 1073 1080 1080 1073 1067 1070 1065 1060 1041 1025 1043 1040 1061 1070 1070 1074 1095 1099 1090 1081 1060 1030 1064 1069 1040 1035 1060 1055 1070 1068 1040 1018 1000 997 1012 990 990 1021 1036 1040 1050 1063 1071 1064 1049 1070 1061 1063 1090 1096 1104 1130 1130 1117 1089 1067 1053 1060 1075 1100 1119 1120 1134 1128 1099 1083 1070 1082 1092 1101 1098
966 960 991 1013 999 993 990 990 1010 1018 1036 1040 1057 1060 1071 1073 1053 1061 1059 1040 1021 1040 1029 1059 1070 1061 1067 1068 1077 1075 1089 1090 1078 1054 1026 1060 1047 1027 1060 1047 1054 1070 1058 1035 1012 990 998 990 1006 1030 1040 1040 1044 1035 1025 1023 1033 1046 1040 1045 1070 1081 1097 1107 1130 1130 1107 1083 1066 1069 1080 1095 1110 1098 1100 1105 1095 1085 1078 1085 1090 1102 1117
960 967 999 1029 1027 1021 1005 1014 1024 1019 1025 1040 1042 1041 1056 1067 1061 1030 1037 1020 1027 1049 1057 1060 1080 1081 1087 1069 1060 1060 1075 1090 1090 1071 1044 1026 1040 1020 1059 1055 1020 1053 1063 1039 1006 986 990 993 1015 1023 1030 1031 1027 1011 1027 1030 1034 1039 1046 1054 1054 1060 1070 1094 1119 1130 1123 1105 1096 1097 1113 1100 1110 1085 1087 1088 1087 1085 1080 1084 1089 1098 1118
960 986 1013 1034 1047 1048 1025 1020 1045 1043 1037 1040 1040 1040 1038 1050 1046 1028 1012 1036 1047 1072 1076 1061 1071 1085 1072 1067 1054 1030 1051 1059 1088 1085 1062 1026 1038 1020 1060 1060 1034 1018 1043 1023 991 989 999 990 990 998 1010 1010 1010 1028 1032 1040 1053 1058 1065 1075 1084 1086 1092 1101 1114 1130 1121 1127 1110 1110 1111 1106 1095 1074 1071 1081 1083 1083 1080 1081 1085 1093 1101
966 980 998 1022 1050 1060 1049 1022 1048 1060 1048 1031 1040 1040 1025 1039 1020 1014 1033 1055 1072 1090 1090 1083 1078 1087 1103 1102 1081 1062 1046 1030 1045 1080 1070 1039 1010 1014 1060 1068 1050 1010 1002 1006 983 999 1020 1010 1006 1006 1010 1010 1010 1015 1011 1038 1057 1068 1070 1071 1089 1098 1110 1116 1120 1117 1114 1130 1114 1117 1110 1103 1086 1070 1065 1071 1080 1080 1080 1070 1081 1085 1091
973 990 995 1016 1039 1051 1058 1054 1044 1060 1040 1022 1030 1040 1034 1012 1012 1021 1033 1053 1062 1083 1090 1090 1086 1100 1117 1120 1104 1080 1067 1053 1023 1027 1065 1052 1031 1010 1041 1070 1062 1035 1012 983 983 1009 1031 1039 1028 1023 1028 1042 1033 1035 1034 1020 1040 1046 1060 1060 1078 1088 1096 1104 1098 1090 1107 1117 1120 1110 1130 1119 1093 1075 1060 1070 1080 1080 1080 1070 1071 1076 1081
960 970 991 1016 1024 1031 1042 1060 1060 1060 1050 1028 1019 1025 1012 1012 1032 1050 1043 1032 1056 1063 1080 1090 1078 1090 1109 1120 1119 1095 1086 1073 1053 1037 1015 1042 1040 1010 1013 1049 1059 1036 1010 983 986 1014 1044 1057 1058 1057 1060 1069 1064 1062 1052 1044 1041 1040 1040 1058 1060 1066 1080 1090 1074 1080 1089 1105 1114 1090 1115 1118 1085 1070 1060 1065 1074 1081 1084 1070 1067 1062 1080
960 965 988 990 1010 1024 1034 1055 1041 1054 1054 1032 1010 1010 1012 1026 1032 1065 1068 1060 1052 1060 1060 1075 1060 1073 1090 1106 1116 1088 1090 1090 1079 1060 1032 1012 1013 1010 997 1020 1040 1024 1003 980 997 1029 1060 1060 1070 1075 1087 1090 1090 1083 1060 1064 1061 1049 1040 1041 1056 1071 1072 1078 1072 1080 1083 1094 1099 1089 1093 1106 1090 1071 1060 1060 1067 1084 1090 1078 1060 1073 1080
960 963 990 1010 1020 1010 1025 1042 1040 1020 1040 1029 1004 1010 1010 1040 1040 1053 1083 1079 1071 1066 1060 1063 1060 1067 1070 1090 1110 1107 1079 1067 1081 1080 1060 1040 1031 1024 1001 990 1009 1011 994 980 1013 1040 1048 1040 1054 1063 1066 1086 1090 1090 1073 1083 1085 1071 1060 1052 1045 1060 1060 1060 1060 1060 1080 1085 1085 1080 1060 1085 1090 1075 1060 1060 1075 1085 1090 1076 1060 1060 1070
960 960 993 1020 1013 1004 1020 1040 1040 1022 1025 1020 990 1080 1026 1028 1060 1064 1070 1090 1090 1072 1049 1042 1045 1059 1072 1090 1100 1102 1094 1070 1040 1071 1080 1072 1061 1037 1018 1006 985 980 988 980 1018 1026 1012 1020 1030 1040 1055 1063 1081 1090 1090 1088 1106 1090 1077 1067 1060 1060 1064 1071 1078 1080 1082 1096 1093 1076 1070 1071 1084 1073 1058 1056 1079 1077 1083 1051 1058 1074 1084
960 960 985 1018 998 996 1011 1031 1040 1024 1004 990 1010 1089 1054 1033 1051 1077 1090 1090 1090 1071 1044 1043 1060 1070 1076 1081 1083 1088 1090 1088 1065 1034 1066 1080 1076 1060 1041 1031 1002 981 980 981 1016 1010 1017 1041 1045 1049 1053 1066 1083 1090 1090 1090 1110 1106 1090 1091 1081 1071 1060 1085 1090 1090 1090 1109 1110 1090 1067 1043 1080 1078 1063 1048 1070 1055 1040 1050 1071 1091 1103
960 960 990 995 980 1004 1010 1025 1022 1011 990 997 993 1025 1060 1059 1040 1069 1086 1086 1087 1064 1037 1038 1048 1048 1057 1064 1070 1080 1071 1080 1077 1045 1022 1064 1070 1060 1060 1037 1009 984 980 981 994 1007 1033 1063 1073 1074 1070 1069 1080 1079 1088 1090 1081 1090 1091 1110 1099 1082 1075 1080 1090 1090 1089 1108 1110 1103 1082 1056 1069 1080 1063 1036 1036 1040 1060 1066 1080 1107 1127
960 960 972 974 996 1010 999 1010 988 980 998 1026 1037 1017 1044 1070 1060 1060 1067 1057 1070 1061 1039 1026 1037 1046 1054 1060 1069 1076 1072 1067 1078 1060 1018 1040 1061 1043 1046 1045 1017 995 980 980 996 1008 1020 1049 1071 1080 1074 1060 1067 1063 1082 1083 1073 1069 1086 1100 1106 1106 1097 1088 1090 1079 1083 1088 1095 1097 1087 1069 1052 1070 1044 1036 1061 1066 1072 1081 1101 1117 1140
960 960 960 991 1012 1019 990 970 978 980 1014 1041 1057 1051 1031 1060 1059 1040 1049 1040 1047 1043 1015 1040 1058 1067 1071 1068 1060 1062 1070 1060 1070 1067 1038 1018 1050 1055 1023 1020 1018 990 970 995 1019 1040 1045 1040 1058 1070 1066 1042 1040 1070 1077 1063 1060 1070 1076 1083 1105 1120 1120 1109 1100 1082 1060 1073 1090 1090 1069 1066 1031 1062 1031 1052 1080 1091 1092 1080 1114 1130 1120
960 960 960 983 1010 1003 970 979 996 1017 1001 1028 1061 1070 1061 1070 1053 1040 1020 1040 1040 1023 1028 1044 1060 1066 1075 1078 1062 1052 1058 1049 1060 1070 1050 1018 1019 1040 1040 1021 990 982 977 1000 1024 1049 1066 1062 1065 1070 1070 1030 1050 1064 1061 1043 1044 1070 1078 1086 1100 1117 1120 1120 1104 1086 1060 1064 1081 1090 1075 1040 1031 1031 1031 1070 1088 1096 1110 1109 1109 1118 1101
960 960 970 990 991 968 969 998 1013 1031 1032 1040 1048 1069 1070 1070 1053 1030 1018 1039 1028 1015 1020 1040 1040 1048 1067 1080 1074 1058 1040 1040 1058 1070 1062 1033 1010 1036 1040 1033 1010 971 976 1007 1026 1057 1080 1072 1058 1065 1064 1029 1040 1053 1041 1047 1060 1066 1060 1077 1086 1098 1116 1109 1084 1070 1065 1059 1071 1090 1077 1049 1031 1037 1038 1044 1066 1093 1110 1099 1083 1090 1088
960 960 968 985 973 960 972 999 1027 1040 1038 1036 1035 1042 1059 1063 1048 1027 1010 1030 1010 1040 1050 1043 1051 1060 1060 1067 1073 1070 1049 1030 1058 1070 1066 1046 1019 992 1020 1019 986 966 977 1011 1042 1066 1080 1072 1042 1046 1036 1020 1023 1030 1030 1030 1040 1044 1069 1078 1080 1096 1113 1118 1097 1079 1060 1048 1060 1081 1076 1043 1031 1046 1073 1082 1086 1090 1090 1084 1079 1077 1064
960 960 962 960 960 972 967 1004 1028 1026 1015 1014 1020 1040 1040 1042 1039 1016 1010 1010 1026 1053 1064 1065 1066 1064 1051 1047 1062 1070 1058 1024 1049 1070 1060 1052 1032 998 983 993 969 982 1002 1017 1030 1049 1071 1061 1036 1024 1020 1040 1043 1049 1055 1055 1057 1042 1055 1065 1076 1086 1097 1104 1110 1096 1071 1047 1049 1078 1067 1031 1031 1061 1062 1081 1090 1080 1078 1062 1077 1051 1051
960 960 960 960 968 990 978 1006 996 992 994 1012 1023 1036 1040 1013 1020 1010 1010 1010 1013 1049 1058 1072 1080 1067 1054 1040 1030 1059 1060 1024 1040 1069 1053 1032 1040 1028 1006 985 966 996 1032 1050 1065 1070 1044 1038 1017 1013 1040 1052 1067 1075 1081 1083 1079 1067 1060 1060 1071 1070 1088 1102 1119 1103 1079 1054 1034 1068 1043 1031 1031 1045 1063 1083 1090 1090 1065 1048 1063 1063 1045
960 960 960 960 982 990 970 978 980 998 1010 1010 1010 1030 1034 1020 1002 1010 1031 1033 1032 1027 1044 1070 1080 1075 1068 1060 1041 1020 1049 1024 1034 1064 1064 1030 1010 1030 1024 989 966 983 1026 1054 1070 1052 1040 1012 1010 1030 1038 1049 1068 1083 1090 1095 1100 1089 1076 1066 1071 1087 1100 1115 1120 1108 1090 1062 1024 1051 1031 1031 1060 1074 1080 1081 1078 1080 1070 1044 1057 1054 1043
960 960 960 960 968 997 999 1006 1010 1014 1029 1018 1000 1008 1001 1006 990 1004 1034 1049 1053 1048 1040 1044 1071 1080 1080 1078 1062 1040 1020 1018 1034 1062 1062 1039 1008 997 1002 972 966 984 1024 1040 1030 1027 1026 1010 1010 1010 1010 1019 1040 1050 1071 1089 1110 1109 1095 1082 1073 1080 1096 1099 1075 1080 1090 1076 1047 1020 1030 1034 1064 1090 1083 1051 1053 1060 1049 1030 1044 1041 1020
960 960 960 960 970 997 1011 1012 1029 1038 1040 1030 1004 984 990 990 1004 1010 1013 1046 1067 1069 1059 1059 1060 1067 1066 1080 1080 1059 1036 1014 1019 1055 1055 1039 1014 986 970 966 975 987 1023 1029 1011 1020 1008 1010 1010 1020 1029 1020 1029 1045 1057 1074 1089 1098 1092 1090 1090 1090 1090 1090 1081 1058 1090 1090 1069 1031 1020 1028 1054 1090 1088 1063 1030 1043 1025 1020 1040 1035 1027
968 960 960 960 960 983 1007 1020 1032 1040 1027 1016 983 980 1015 1024 1035 1035 1022 1038 1060 1079 1082 1068 1051 1053 1041 1068 1080 1075 1051 1026 1010 1044 1044 1030 1010 989 966 966 980 1001 1027 1011 1008 1014 990 1014 1026 1038 1052 1045 1030 1030 1041 1060 1061 1077 1086 1098 1097 1090 1090 1090 1083 1030 1070 1090 1090 1069 1039 1015 1050 1081 1088 1064 1040 1022 1010 1040 1040 1020 1040
970 960 960 960 970 980 994 1007 1019 1040 1022 980 975 992 1022 1040 1051 1059 1040 1030 1054 1077 1090 1074 1046 1030 1033 1053 1062 1066 1057 1023 1010 1023 1037 1017 1000 985 966 971 990 1012 1007 990 990 991 1002 1037 1045 1045 1070 1066 1053 1032 1033 1038 1052 1074 1081 1105 1118 1096 1068 1050 1045 1040 1045 1059 1080 1066 1042 1010 1036 1076 1090 1065 1040 1040 1013 1034 1010 1038 1050
968 960 960 957 956 960 990 990 1019 1030 1009 970 978 995 1002 1016 1031 1060 1060 1040 1052 1072 1080 1078 1059 1044 1020 1040 1060 1034 1030 1016 995 1017 1013 1003 990 970 960 970 974 980 980 989 1009 1015 1035 1054 1066 1049 1084 1087 1074 1056 1040 1039 1067 1082 1090 1101 1125 1130 1113 1084 1064 1041 1025 1030 1054 1053 1031 1011 1031 1062 1085 1061 1040 1030 1010 1017 1040 1059 1060
993 974 955 944 947 969 980 1000 1021 1026 989 970 970 980 997 1007 1026 1052 1060 1047 1042 1063 1058 1061 1060 1049 1033 1025 1056 1060 1032 1013 985 1001 984 989 976 960 977 997 992 986 985 1012 1040 1040 1043 1065 1080 1070 1093 1104 1094 1078 1061 1042 1059 1068 1073 1090 1103 1128 1130 1109 1083 1060 1040 1018 1023 1034 1019 1010 1022 1059 1069 1049 1027 1010 1023 1040 1040 1042 1036
986 960 958 946 940 956 980 993 1013 1015 986 969 993 1006 1020 1031 1040 1053 1054 1032 1037 1045 1044 1040 1056 1059 1040 1012 1025 1047 1040 1040 1009 978 970 970 970 960 980 1013 1020 1020 1020 1026 1018 1022 1020 1055 1064 1070 1089 1110 1110 1097 1080 1060 1040 1062 1076 1081 1096 1108 1125 1130 1107 1073 1053 1046 1025 1010 1010 1010 1023 1056 1065 1034 1010 1018 1040 1040 1020 1040 1044
1013 989 960 949 940 945 961 983 988 990 970 963 990 990 1060 1031 1034 1040 1040 1029 1031 1024 1029 1043 1058 1069 1057 1032 1010 1010 1040 1040 1036 1012 988 973 960 960 982 1020 1013 1012 999 994 991 991 1023 1029 1043 1052 1075 1086 1102 1110 1095 1075 1051 1060 1060 1077 1090 1103 1119 1130 1117 1097 1082 1073 1055 1029 1010 1010 1022 1057 1040 1014 1010 1020 1012 1031 1054 1066 1068
1031 994 964 952 943 940 951 968 964 960 960 960 977 1005 1020 1010 1026 1040 1040 1028 1012 1031 1046 1061 1070 1070 1067 1047 1032 1010 1000 1018 1040 1039 1020 997 960 960 994 1006 1002 990 990 991 1005 1005 1006 1020 1028 1042 1055 1063 1075 1092 1090 1082 1063 1060 1060 1070 1080 1091 1112 1126 1115 1110 1087 1070 1067 1036 1010 1010 1024 1040 1010 1010 1020 1010 1035 1033 1060 1079 1087
1031 1009 971 954 947 940 940 947 960 960 960 975 984 1012 1018 1010 1029 1020 1023 1010 1016 1036 1051 1064 1068 1053 1055 1060 1056 1035 1010 996 1039 1036 1006 982 960 960 968 974 980 993 1013 1026 1028 1023 1021 1010 1011 1031 1034 1047 1060 1086 1109 1104 1087 1065 1060 1070 1080 1089 1092 1110 1101 1080 1090 1080 1040 1032 1014 998 1016 1010 1001 1010 1020 1029 1012 1048 1076 1094 1105
1004 990 970 956 949 941 940 949 960 960 980 993 1010 1010 990 1014 1030 1024 990 1023 1034 1032 1035 1041 1060 1041 1024 1045 1058 1052 1029 992 1011 1026 992 962 960 973 979 992 995 997 1033 1054 1055 1040 1045 1037 1027 1020 1044 1057 1066 1082 1111 1120 1110 1087 1075 1070 1078 1091 1105 1120 1104 1060 1080 1090 1065 1030 1016 998 1009 998 1007 1026 1041 1054 1048 1024 1070 1090 1087
