曹坪.asc
ncols            395
nrows            346
xllcorner     37393081.8093
yllcorner      4168011.4434
cellsize          50
NODATA_value     -9999
[rows 259 to 295 of 346, columns 249 to 331 of 395]
1093 1060 1038 1022 1008 1027 1030 990 1011 1037 1060 1064 1047 1037 1040 1040 1055 1068 1070 1054 1025 994 1012 1045 1049 1031 1001 975 944 930 930 930 930 939 972 972 960 983 990 986 990 990 997 990 996 1013 1029 1040 1040 1011 979 980 1011 1035 1040 1022 998 964 940 966 1003 1022 1030 1028 1010 1018 1006 994 990 1011 1025 1049 1066 1057 1030 1040 1056 1085 1074 1054 1039 1033 1020
1099 1068 1044 1028 1020 990 990 991 1003 1034 1062 1076 1076 1059 1044 1040 1044 1055 1070 1067 1045 1015 1011 1044 1060 1053 1020 988 965 934 930 930 930 930 946 964 948 979 990 983 990 990 979 988 999 1014 1027 1040 1040 1018 982 979 997 1026 1015 1004 980 951 940 977 1015 1040 1040 1040 1032 1038 1032 1025 1014 1027 1043 1060 1049 1039 1020 1032 1059 1086 1075 1048 1060 1053 1030
1091 1069 1053 1039 1021 1010 990 1016 993 1017 1047 1056 1078 1080 1069 1055 1040 1042 1056 1063 1060 1033 1010 1040 1060 1060 1041 1012 978 947 936 932 930 930 930 938 947 979 970 976 990 990 980 990 992 1000 1010 1030 1040 1028 991 972 991 1022 1014 974 954 940 959 998 1011 1010 1012 1034 1040 1040 1049 1049 1037 1034 1048 1060 1041 1014 1025 1035 1057 1069 1069 1032 1051 1060 1037
1088 1064 1040 1026 1030 1010 993 1030 1028 1010 1028 1049 1067 1080 1080 1064 1045 1030 1040 1060 1060 1056 1037 1040 1055 1045 1040 1035 1001 969 939 935 931 930 930 930 941 960 963 974 990 989 968 990 990 990 1010 1014 1033 1037 1009 972 982 1013 1000 962 940 943 960 966 962 974 1003 1018 1026 1023 1042 1060 1055 1040 1047 1054 1040 1014 1010 1020 1035 1041 1047 1040 1026 1051 1040
1090 1076 1056 1036 1011 990 1008 1042 1055 1046 1020 1050 1049 1053 1063 1065 1050 1031 1033 1042 1052 1060 1035 1030 1027 1021 1037 1040 1030 989 948 937 933 930 930 930 930 938 946 961 990 985 963 990 980 992 1000 1010 1032 1040 1012 972 972 1001 985 941 940 963 991 990 997 1008 1035 1040 1026 1010 1011 1035 1042 1030 1035 1030 1015 1005 1013 1039 1049 1062 1047 1020 1010 1034 1040
1066 1072 1060 1040 1001 999 1032 1030 1060 1060 1040 1040 1040 1040 1040 1057 1052 1035 1020 1031 1040 1040 1040 1021 1010 1013 1020 1040 1038 1006 972 953 937 931 930 930 930 930 930 949 967 970 965 990 970 990 990 1010 1029 1040 1013 972 965 990 972 937 957 986 1007 1015 1020 1030 1040 1040 1040 1012 991 1011 1020 1016 1015 1010 1001 998 1027 1048 1068 1080 1061 1039 1014 1019 1040
1047 1026 1018 1030 1006 1019 1045 1061 1063 1067 1054 1040 1034 1020 1020 1029 1040 1040 1020 1014 1030 1040 1040 1034 1017 994 1015 1028 1035 1015 990 985 952 935 930 930 930 930 930 930 936 942 956 967 966 980 990 1003 1014 1024 1020 989 960 980 952 937 971 988 983 988 998 1010 1027 1040 1035 1017 986 997 994 992 992 992 992 995 1030 1041 1054 1077 1073 1047 1020 990 1016
1050 1040 1030 1010 1010 1041 1069 1080 1090 1090 1072 1059 1044 1030 1025 1010 1025 1040 1029 1003 1023 1024 1018 1030 1027 1002 988 1022 1022 1005 973 970 974 946 931 930 930 930 930 930 928 929 938 951 970 960 991 999 991 1010 1020 985 940 955 944 937 959 961 988 992 999 1017 1028 1040 1025 993 978 978 978 992 1004 1021 1021 1020 1013 1020 1040 1066 1080 1057 1028 1007 980
1065 1044 1040 1028 1010 1034 1056 1060 1084 1090 1090 1072 1062 1052 1034 1015 1010 1022 1030 1011 990 1007 1010 1010 1000 1007 971 996 991 964 946 940 940 930 933 932 930 930 930 930 926 927 929 937 957 958 961 961 975 1002 1020 992 962 940 933 935 962 990 1015 1021 1020 1012 1010 1023 1005 978 983 1006 1015 1022 1022 1042 1045 1041 1031 1026 1040 1061 1075 1065 1045 1020 986
1067 1059 1064 1049 1010 1047 1074 1087 1090 1074 1085 1064 1048 1046 1038 1030 1010 1010 1000 1007 1001 980 994 973 965 969 960 960 960 944 964 965 953 941 966 966 951 930 930 927 924 925 927 928 932 938 958 976 989 1012 1020 999 972 946 933 939 973 1005 1017 1030 1040 1029 1000 1007 989 973 1004 1023 1037 1040 1040 1055 1067 1066 1057 1046 1035 1057 1061 1034 1040 1032 999
1083 1084 1085 1063 1028 1052 1075 1090 1080 1067 1058 1050 1038 1032 1010 1010 1010 1010 1003 991 980 980 974 979 976 965 969 960 960 967 980 961 960 978 991 1000 986 950 928 924 921 923 925 926 927 929 952 974 979 1008 1020 996 964 933 937 959 986 994 985 990 1022 1030 1001 972 970 976 1001 1021 1036 1037 1032 1062 1069 1076 1080 1064 1043 1019 1019 1020 1032 1034 1008
1108 1111 1100 1078 1051 1060 1077 1090 1060 1057 1025 1015 1010 1016 1013 1010 1030 1036 1034 1021 1000 980 1000 1006 1003 993 992 966 960 985 981 980 975 986 1005 1020 1014 977 943 924 920 921 923 924 925 927 929 943 975 995 1018 994 951 933 940 944 960 961 985 1020 1005 1015 1014 989 964 987 990 1008 1022 1010 1031 1044 1030 1040 1066 1084 1051 1025 1006 995 1009 1030 1020
1117 1112 1110 1087 1069 1060 1090 1101 1072 1054 1051 1040 1040 1015 1022 1040 1055 1067 1056 1034 1014 990 1027 1041 1034 1020 1000 970 978 990 975 990 991 990 994 1007 1010 1010 974 938 920 920 920 921 922 923 925 931 951 974 998 980 941 933 963 967 984 997 1004 1020 1011 977 998 988 960 960 963 978 985 1002 1016 1022 1026 1044 1061 1076 1070 1049 1026 1003 990 1022 1030
1093 1077 1110 1099 1082 1068 1097 1115 1086 1080 1055 1040 1033 1020 1043 1065 1080 1071 1056 1030 990 1006 1048 1057 1042 1024 995 963 986 1003 990 1004 1011 1009 1011 998 974 966 985 970 936 933 925 920 920 920 920 920 933 959 986 967 930 948 975 995 1007 1026 1033 1032 1018 991 960 960 978 990 990 972 972 970 1000 1000 1030 1037 1034 1052 1070 1066 1043 1013 990 997 1022
1080 1072 1084 1101 1104 1080 1102 1130 1106 1070 1070 1060 1030 1034 1055 1080 1080 1045 1033 1023 1001 1037 1063 1060 1029 1019 994 970 987 1010 1013 1010 1034 1034 1026 998 978 960 960 960 951 955 958 940 933 924 921 920 920 946 968 943 930 956 981 1011 1030 1032 1031 1026 996 992 988 960 991 1015 1016 1009 1009 1005 1003 1000 1010 1030 1039 1035 1052 1062 1057 1027 996 960 982
1078 1069 1087 1107 1124 1110 1110 1140 1116 1091 1081 1053 1052 1038 1061 1080 1071 1037 1016 1013 1010 1053 1070 1060 1024 1012 990 970 995 1022 1031 1011 1040 1040 1021 988 980 986 969 960 955 941 940 930 930 927 924 922 920 929 941 930 940 940 965 995 1018 1011 987 1001 996 970 977 960 993 1019 1036 1038 1037 1038 1033 1023 1020 1030 1027 1010 1021 1045 1054 1040 1015 984 960
1066 1060 1083 1093 1125 1130 1136 1140 1130 1085 1080 1060 1063 1060 1064 1069 1059 1031 1051 1043 1010 1051 1075 1069 1042 1021 997 976 996 1028 1048 1035 1043 1051 1029 996 997 982 960 960 969 978 969 953 938 931 927 924 921 920 920 935 948 972 984 985 1010 1013 987 974 989 975 940 960 980 1012 1036 1040 1033 1041 1056 1052 1038 1032 1022 992 997 1021 1037 1040 1030 1011 993
1030 1058 1080 1099 1099 1105 1120 1119 1123 1120 1092 1086 1090 1067 1060 1060 1062 1059 1071 1063 1033 1060 1081 1077 1054 1027 994 990 1005 1036 1062 1065 1055 1062 1028 1018 1009 983 961 960 991 1007 999 982 961 937 928 925 922 920 920 939 968 976 999 1011 1030 1023 995 969 954 955 948 963 975 1004 1019 1034 1010 1032 1048 1060 1060 1057 1037 1018 987 985 1019 1032 1032 1020 1000
1045 1069 1060 1072 1088 1108 1110 1102 1103 1108 1094 1096 1110 1083 1060 1049 1064 1078 1079 1070 1066 1061 1090 1084 1058 1032 1003 994 1016 1043 1056 1070 1078 1073 1045 1015 989 971 963 985 1017 1032 1025 1005 978 944 929 925 923 920 920 936 970 990 1000 1021 1030 1019 996 968 947 940 964 990 990 992 1001 1020 990 1010 1018 1029 1045 1054 1038 1021 997 984 992 1021 1011 1001 991
1033 1070 1090 1090 1085 1098 1111 1102 1070 1089 1090 1072 1098 1069 1060 1040 1043 1069 1071 1071 1080 1079 1088 1077 1066 1040 1010 994 1018 1014 1029 1047 1080 1080 1045 1018 1002 969 977 998 1031 1040 1031 994 964 946 929 926 924 921 920 926 967 984 990 1010 1020 991 965 962 940 960 978 982 983 986 973 1002 971 985 989 1011 1015 1022 1040 1034 1007 994 984 1009 1010 972 964
1034 1077 1089 1072 1079 1095 1120 1110 1092 1066 1064 1058 1079 1071 1059 1040 1035 1060 1053 1055 1072 1080 1071 1062 1070 1049 1021 994 1018 1033 1044 1060 1073 1080 1054 1020 1001 979 986 1002 1013 1025 1023 979 960 953 933 927 924 921 920 920 962 965 981 1001 1013 996 964 940 940 949 946 956 960 960 960 960 978 994 994 992 1020 1030 1040 1040 1014 998 984 996 1007 983 943
1048 1073 1061 1060 1076 1101 1105 1071 1090 1090 1078 1065 1046 1065 1060 1045 1020 1052 1054 1038 1057 1054 1054 1046 1070 1068 1038 1010 1037 1045 1060 1060 1062 1074 1067 1044 1030 997 979 994 999 1018 1030 990 987 979 950 929 926 922 920 920 940 960 971 980 998 994 957 931 940 958 960 980 974 981 976 979 1006 1018 1018 1011 1010 1022 1047 1060 1029 1006 984 969 990 971 937
1059 1046 1043 1069 1088 1090 1080 1060 1079 1090 1090 1069 1039 1030 1053 1048 1025 1034 1040 1022 1040 1040 1040 1035 1064 1070 1053 1013 1040 1052 1053 1040 1047 1068 1070 1051 1018 987 1002 1020 1020 1020 1020 1009 1016 991 960 937 927 924 920 920 929 952 976 989 990 964 935 930 964 985 990 1001 999 1003 1001 980 1012 1033 1039 1033 1017 1027 1044 1056 1052 1027 1000 970 958 951 937
1031 1036 1063 1077 1090 1090 1070 1058 1069 1090 1090 1087 1069 1057 1032 1029 1017 1010 1030 1013 1040 1036 1030 1020 1050 1070 1065 1026 1049 1071 1064 1042 1036 1057 1070 1063 1036 1005 1021 1029 1020 1006 990 980 993 1010 979 945 929 925 922 920 924 947 968 974 971 951 930 940 978 994 1012 1020 1027 1029 1025 1006 990 1030 1049 1053 1034 1018 1029 1022 1034 1022 1020 997 969 951 937
1036 1068 1082 1090 1076 1068 1071 1040 1067 1090 1070 1090 1084 1067 1056 1046 1037 1020 1010 1010 1040 1026 1006 1030 1040 1055 1067 1044 1053 1079 1073 1044 1030 1045 1070 1070 1049 1016 1027 1042 1041 1027 1010 984 980 973 990 975 937 927 923 920 920 940 954 960 941 930 936 965 985 990 1003 1003 1030 1040 1040 1035 1027 1016 1042 1060 1047 1022 1010 1010 1015 1011 1016 1006 984 960 937
1060 1072 1081 1079 1064 1060 1066 1040 1062 1087 1060 1084 1090 1087 1071 1064 1055 1049 1029 1013 1010 1000 1000 1034 1039 1040 1060 1049 1041 1063 1069 1048 1026 1040 1056 1068 1046 1030 1039 1060 1051 1030 990 1002 1003 990 970 980 961 934 926 920 920 929 935 937 930 930 955 960 980 990 971 990 997 1014 1029 1040 1040 1039 1040 1058 1060 1037 1006 985 998 1007 980 994 975 947 937
1058 1060 1064 1062 1049 1052 1060 1039 1052 1073 1060 1081 1090 1090 1087 1088 1082 1070 1049 1028 1022 1011 1000 1030 1031 1030 1044 1036 1031 1039 1054 1049 1030 1032 1040 1055 1040 1053 1060 1070 1050 1020 1024 1030 1020 992 993 968 970 958 940 928 920 920 925 926 928 936 947 945 961 957 956 966 969 990 1010 1025 1027 1040 1027 1034 1051 1040 1031 1006 970 990 990 960 940 937 955
1033 1049 1055 1042 1034 1047 1057 1032 1052 1059 1051 1081 1066 1087 1081 1088 1100 1089 1074 1048 1044 1035 1000 1003 1019 1024 1040 1028 1020 1040 1036 1040 1010 1040 1040 1040 1040 1054 1060 1070 1058 1024 1045 1052 1039 1030 1005 974 992 959 940 932 920 920 920 923 926 929 936 940 940 953 969 964 961 968 993 1006 1017 1032 1030 1010 1031 1040 1040 1024 991 960 990 982 954 937 960
1062 1070 1056 1031 1031 1057 1063 1039 1029 1030 1060 1070 1060 1080 1060 1074 1106 1109 1086 1062 1069 1052 1036 1000 1000 1014 1038 1020 1027 1040 1040 1013 1018 1045 1059 1044 1030 1038 1040 1059 1060 1041 1051 1060 1051 1040 998 1010 1019 995 984 974 949 920 920 921 924 927 941 963 979 986 996 997 994 981 973 980 1009 1017 1030 1012 998 1009 1021 1030 1010 973 960 960 938 937 968
1070 1070 1042 1020 1043 1070 1077 1054 1029 1042 1060 1045 1060 1080 1050 1065 1089 1110 1090 1081 1087 1071 1047 1029 1000 1001 1026 1017 1032 1040 1031 1010 1027 1049 1060 1043 1020 1020 1040 1051 1056 1040 1043 1060 1067 1033 1010 1024 1030 1020 1006 983 949 926 920 920 920 923 928 957 987 1008 1018 1021 1015 1007 1003 996 1001 1015 1022 1014 997 990 985 1014 1028 1005 979 958 936 965 990
1055 1062 1029 1018 1049 1074 1080 1063 1031 1029 1043 1037 1067 1080 1043 1050 1074 1090 1087 1075 1082 1080 1067 1037 1008 990 1016 1008 1024 1040 1016 998 1030 1051 1060 1037 1022 1020 1031 1040 1044 1034 1033 1050 1069 1058 1041 1030 1014 991 972 967 940 926 922 920 920 920 924 945 984 1013 1022 1028 1040 1029 1018 1014 1013 1012 1020 1020 1009 1003 980 980 1007 1015 993 953 936 966 970
1038 1045 1010 1028 1051 1064 1061 1068 1038 1010 1013 1049 1075 1080 1043 1040 1053 1073 1081 1054 1059 1069 1077 1052 1021 993 980 980 1011 1030 1007 992 1030 1051 1056 1032 1010 1011 1030 1040 1040 1031 1021 1040 1053 1060 1026 993 994 990 987 958 929 926 923 920 920 920 920 940 980 983 988 995 1034 1023 1023 1020 1020 1020 1028 1036 1033 1020 1001 970 973 990 973 936 948 978 986
1023 1033 1010 1037 1040 1034 1056 1068 1041 1010 1034 1061 1078 1067 1045 1024 1044 1059 1076 1062 1030 1073 1086 1066 1039 1023 1002 980 992 1013 998 995 1020 1030 1041 1022 1010 1023 1037 1040 1040 1026 1010 1030 1039 1065 1062 1030 1005 980 970 955 929 926 923 921 920 920 920 940 940 960 966 995 1021 1015 1006 1010 1020 1016 1025 1039 1040 1031 1020 1002 969 953 940 936 964 1001 1017
993 1017 1010 1040 1028 1043 1064 1070 1039 1010 1038 1050 1043 1060 1051 1022 1030 1052 1063 1060 1020 1055 1076 1064 1048 1030 999 980 975 989 997 987 1015 1037 1028 1000 1004 1017 1030 1048 1049 1034 1010 1022 1039 1051 1065 1039 1011 1012 993 965 929 927 924 922 920 920 920 938 960 976 986 984 989 1000 990 990 995 1000 1012 1021 1025 1020 1010 1010 997 973 943 936 967 1010 1036
990 1002 1010 1029 1020 1041 1066 1069 1033 1010 1030 1030 1051 1069 1054 1028 1022 1032 1052 1060 1026 1030 1054 1060 1046 1026 1000 987 970 975 990 980 1015 1039 1021 990 1012 1028 1040 1053 1052 1034 1010 1029 1025 1037 1060 1060 1046 1039 1005 965 929 927 925 922 920 920 920 958 982 990 983 969 970 979 970 980 990 990 993 998 1014 1020 1005 985 990 986 944 936 975 1001 1013
996 990 1009 1010 1030 1049 1070 1052 1031 1000 1010 1036 1051 1059 1058 1037 1010 1031 1043 1060 1037 1016 1027 1057 1056 1041 1015 996 981 960 980 984 1008 1027 1015 990 1003 1020 1010 1032 1040 1030 1005 1011 1028 1040 1045 1056 1060 1034 1014 990 944 928 925 923 920 920 920 966 980 968 961 960 960 969 973 980 990 990 988 985 990 1007 1014 993 960 962 932 938 965 970 986
998 980 998 1004 1036 1058 1070 1060 1026 1000 1005 1020 1037 1052 1060 1042 1012 1013 1036 1041 1040 1010 1025 1044 1060 1048 1026 1001 981 962 970 981 997 1009 1001 980 992 1011 1024 1030 1040 1036 1004 1001 1009 1010 1029 1054 1059 1008 985 969 949 928 925 923 920 920 921 948 946 939 947 960 971 975 986 994 997 995 991 980 980 1001 1010 1004 975 943 930 956 975 995 1010
