曹坪.asc
ncols            395
nrows            346
xllcorner     37393081.8093
yllcorner      4168011.4434
cellsize          50
NODATA_value     -9999
[rows 259 to 295 of 346, columns 166 to 248 of 395]
1122 1105 1100 1102 1088 1060 1063 1060 1090 1108 1090 1066 1069 1066 1054 1033 1012 1024 1057 1037 1038 1079 1088 1103 1110 1093 1103 1110 1069 1096 1121 1107 1085 1066 1060 1053 1080 1080 1060 1014 1017 1031 1028 1020 1039 1041 1043 1075 1101 1114 1092 1120 1108 1075 1041 1045 1074 1102 1104 1067 1030 1035 1056 1043 1010 1029 1071 1090 1089 1073 1064 1040 1011 1010 1023 1025 998 1040 1029 1035 1066 1095 1110
1153 1132 1120 1089 1068 1067 1065 1060 1060 1065 1067 1047 1040 1030 1030 1030 1031 1062 1081 1038 1037 1057 1060 1083 1073 1079 1116 1130 1091 1096 1130 1113 1080 1075 1067 1044 1044 1055 1037 1020 1037 1040 1050 1052 1030 1056 1060 1086 1106 1128 1117 1127 1119 1094 1063 1038 1079 1090 1082 1065 1040 1067 1082 1059 1010 1036 1071 1090 1090 1068 1032 1029 1010 1042 1051 1032 998 1041 1061 1032 1046 1086 1110
1149 1163 1142 1124 1109 1090 1086 1087 1068 1044 1030 1030 1030 1030 1030 1052 1078 1090 1090 1064 1037 1037 1037 1051 1076 1101 1120 1136 1122 1093 1140 1125 1096 1085 1068 1048 1032 1020 1031 1020 1048 1061 1079 1077 1050 1031 1067 1074 1099 1109 1130 1130 1124 1099 1076 1050 1072 1090 1090 1066 1060 1085 1090 1068 1020 1039 1075 1090 1083 1063 1046 1010 1036 1061 1066 1027 1010 1045 1080 1074 1060 1083 1110
1143 1158 1170 1147 1129 1112 1099 1080 1069 1072 1031 1030 1040 1049 1063 1071 1098 1088 1060 1046 1037 1069 1067 1040 1069 1079 1111 1140 1143 1110 1140 1130 1102 1085 1077 1070 1042 1042 1060 1020 1042 1079 1110 1097 1070 1033 1048 1069 1090 1112 1111 1126 1104 1111 1093 1070 1069 1095 1110 1086 1060 1090 1090 1075 1030 1027 1060 1089 1090 1064 1027 1022 1050 1078 1074 1034 1012 1057 1095 1095 1079 1077 1104
-9999 1148 1170 1168 1145 1134 1122 1100 1085 1056 1030 1030 1052 1070 1080 1085 1108 1112 1082 1046 1049 1081 1090 1077 1060 1084 1107 1128 1160 1139 1162 1151 1125 1099 1076 1060 1040 1072 1064 1034 1070 1083 1110 1110 1085 1052 1048 1060 1075 1097 1098 1099 1100 1099 1110 1082 1069 1096 1118 1107 1082 1096 1087 1066 1027 1047 1076 1090 1074 1055 1022 1040 1059 1090 1078 1042 1016 1061 1096 1110 1107 1101 1110
-9999 1143 1165 1135 1118 1090 1084 1095 1087 1046 1036 1044 1052 1080 1096 1112 1120 1117 1081 1046 1057 1090 1104 1098 1077 1090 1110 1132 1160 1146 1166 1168 1130 1111 1080 1089 1060 1089 1070 1051 1072 1102 1120 1118 1093 1066 1065 1083 1090 1094 1091 1080 1090 1083 1092 1090 1080 1099 1127 1128 1110 1110 1082 1063 1027 1060 1080 1080 1055 1045 1022 1044 1066 1090 1085 1060 1020 1060 1093 1093 1090 1090 1090
-9999 1140 1152 1156 1127 1119 1099 1060 1051 1032 1067 1060 1044 1072 1103 1127 1139 1128 1090 1060 1046 1070 1099 1110 1101 1080 1096 1120 1151 1136 1137 1152 1141 1119 1090 1074 1071 1090 1083 1070 1090 1112 1128 1105 1094 1074 1065 1073 1090 1108 1107 1079 1073 1072 1090 1090 1090 1101 1126 1140 1133 1111 1087 1062 1042 1074 1072 1060 1060 1040 1022 1050 1070 1090 1090 1070 1034 1040 1060 1070 1080 1060 1055
-9999 -9999 1132 1154 1140 1140 1117 1089 1044 1063 1096 1080 1044 1071 1103 1128 1140 1143 1112 1086 1060 1046 1077 1105 1120 1107 1098 1118 1140 1155 1112 1120 1140 1136 1104 1078 1092 1109 1095 1072 1091 1110 1125 1097 1080 1080 1071 1080 1080 1094 1103 1090 1072 1060 1083 1090 1094 1107 1120 1129 1120 1104 1082 1070 1062 1092 1092 1078 1064 1046 1029 1050 1070 1089 1090 1084 1050 1070 1083 1088 1063 1068 1063
-9999 -9999 1110 1120 1130 1116 1117 1074 1030 1083 1115 1093 1045 1064 1091 1110 1144 1164 1138 1110 1090 1064 1046 1090 1122 1130 1129 1129 1137 1160 1130 1090 1130 1140 1120 1095 1111 1120 1110 1082 1108 1126 1125 1095 1075 1064 1069 1079 1073 1078 1090 1090 1080 1060 1073 1085 1090 1085 1090 1112 1106 1090 1088 1070 1083 1107 1110 1098 1074 1061 1045 1042 1062 1083 1090 1090 1069 1070 1093 1114 1113 1103 1080
-9999 -9999 1118 1091 1085 1076 1075 1060 1057 1100 1130 1105 1061 1044 1078 1116 1141 1177 1163 1137 1114 1083 1049 1071 1107 1130 1131 1140 1151 1170 1146 1104 1099 1120 1130 1108 1106 1115 1117 1107 1121 1123 1112 1097 1080 1061 1060 1070 1060 1068 1080 1090 1090 1062 1060 1065 1080 1070 1079 1087 1091 1083 1075 1070 1083 1101 1106 1110 1086 1070 1060 1060 1060 1077 1090 1083 1078 1081 1104 1120 1102 1110 1096
-9999 -9999 -9999 1123 1109 1099 1087 1072 1077 1112 1140 1129 1101 1059 1069 1110 1143 1177 1180 1157 1121 1087 1069 1060 1094 1113 1120 1120 1138 1150 1161 1139 1111 1073 1113 1113 1086 1090 1100 1104 1111 1090 1087 1090 1080 1067 1060 1059 1058 1055 1070 1090 1090 1072 1045 1059 1061 1075 1088 1090 1090 1090 1080 1070 1082 1081 1099 1110 1090 1078 1073 1077 1078 1078 1080 1070 1080 1090 1109 1105 1088 1103 1110
-9999 -9999 -9999 -9999 1145 1128 1114 1083 1085 1113 1143 1150 1124 1088 1060 1092 1130 1165 1180 1174 1143 1116 1090 1060 1073 1090 1090 1110 1122 1130 1141 1129 1110 1079 1073 1091 1090 1070 1083 1083 1085 1078 1068 1080 1076 1070 1061 1040 1042 1055 1067 1079 1090 1077 1051 1054 1060 1081 1090 1090 1073 1090 1088 1064 1070 1080 1091 1090 1090 1087 1082 1090 1090 1090 1081 1060 1070 1084 1084 1077 1074 1085 1113
-9999 -9999 -9999 -9999 -9999 1142 1120 1081 1097 1119 1150 1170 1139 1112 1070 1078 1124 1147 1164 1180 1164 1129 1106 1086 1060 1070 1090 1099 1112 1121 1132 1126 1110 1090 1080 1060 1073 1080 1063 1063 1070 1064 1060 1062 1060 1072 1075 1060 1043 1040 1060 1062 1079 1079 1048 1054 1070 1082 1090 1090 1070 1085 1090 1070 1066 1071 1090 1090 1076 1079 1077 1090 1090 1090 1074 1066 1060 1079 1080 1060 1063 1076 1097
-9999 -9999 -9999 -9999 -9999 1139 1125 1111 1108 1133 1164 1172 1138 1118 1077 1068 1110 1135 1163 1180 1171 1143 1121 1092 1090 1065 1071 1092 1101 1105 1110 1110 1110 1090 1090 1074 1062 1060 1059 1060 1045 1058 1044 1041 1044 1072 1080 1071 1047 1023 1042 1060 1072 1066 1039 1061 1060 1077 1089 1090 1066 1075 1084 1067 1060 1070 1090 1090 1084 1060 1068 1086 1090 1090 1078 1065 1060 1072 1080 1067 1049 1070 1084
-9999 -9999 -9999 -9999 -9999 -9999 1140 1110 1117 1147 1175 1163 1120 1099 1117 1082 1094 1122 1144 1174 1175 1141 1118 1110 1090 1063 1101 1095 1090 1090 1096 1098 1106 1114 1113 1097 1080 1068 1065 1054 1040 1036 1036 1036 1036 1056 1073 1074 1066 1039 1023 1056 1070 1051 1039 1070 1058 1066 1090 1090 1064 1063 1070 1060 1060 1076 1096 1099 1076 1061 1060 1066 1086 1090 1090 1070 1060 1065 1080 1065 1042 1068 1088
-9999 -9999 -9999 -9999 -9999 -9999 -9999 1123 1128 1151 1183 1150 1129 1146 1142 1119 1080 1119 1140 1165 1170 1154 1128 1111 1092 1086 1115 1115 1093 1081 1084 1090 1096 1111 1120 1120 1104 1092 1093 1072 1073 1073 1063 1051 1038 1036 1070 1062 1080 1056 1023 1040 1070 1039 1041 1050 1051 1080 1090 1090 1061 1060 1054 1060 1065 1080 1105 1109 1079 1063 1060 1060 1082 1090 1090 1081 1060 1054 1071 1060 1030 1068 1090
-9999 -9999 -9999 -9999 -9999 -9999 -9999 -9999 -9999 -9999 1181 1184 1150 1175 1168 1135 1118 1110 1122 1137 1157 1138 1124 1112 1097 1097 1120 1118 1095 1080 1080 1080 1088 1098 1108 1115 1118 1113 1115 1105 1096 1085 1071 1044 1040 1036 1060 1045 1078 1062 1023 1034 1070 1054 1030 1039 1068 1080 1090 1090 1063 1045 1060 1041 1065 1084 1100 1101 1087 1065 1060 1060 1071 1090 1090 1090 1073 1036 1062 1052 1030 1069 1083
-9999 -9999 -9999 -9999 -9999 -9999 -9999 -9999 -9999 -9999 -9999 -9999 -9999 -9999 1180 1156 1121 1118 1134 1140 1157 1140 1126 1110 1096 1099 1117 1117 1099 1083 1075 1070 1078 1090 1093 1096 1091 1105 1120 1120 1101 1080 1068 1064 1048 1036 1040 1040 1070 1066 1019 1026 1066 1070 1029 1037 1062 1076 1090 1090 1068 1040 1045 1039 1070 1090 1090 1090 1084 1060 1046 1068 1072 1087 1076 1090 1075 1043 1030 1044 1030 1071 1076
-9999 -9999 -9999 -9999 -9999 -9999 -9999 -9999 -9999 -9999 -9999 -9999 -9999 -9999 -9999 1164 1145 1140 1145 1160 1160 1130 1113 1107 1092 1092 1104 1101 1108 1095 1085 1074 1066 1077 1080 1090 1081 1088 1102 1113 1108 1090 1090 1073 1071 1045 1020 1028 1059 1070 1035 1010 1048 1070 1024 1028 1060 1063 1079 1088 1062 1035 1035 1058 1070 1090 1073 1087 1090 1069 1044 1057 1064 1080 1063 1090 1088 1066 1045 1029 1040 1070 1055
-9999 -9999 -9999 -9999 -9999 -9999 -9999 -9999 -9999 -9999 -9999 -9999 -9999 -9999 -9999 -9999 1173 1156 1162 1172 1136 1126 1110 1107 1087 1070 1090 1080 1107 1107 1090 1079 1066 1068 1079 1090 1078 1071 1082 1094 1097 1090 1090 1090 1090 1069 1044 1018 1023 1051 1041 1014 1014 1046 1040 1025 1044 1052 1071 1066 1067 1035 1038 1071 1080 1078 1060 1084 1090 1076 1049 1046 1075 1080 1060 1090 1090 1083 1059 1029 1051 1070 1041
-9999 -9999 -9999 -9999 -9999 -9999 -9999 -9999 -9999 -9999 -9999 -9999 -9999 -9999 -9999 -9999 -9999 1175 1183 1175 1141 1113 1110 1092 1090 1080 1060 1080 1101 1100 1090 1089 1079 1060 1077 1090 1090 1065 1069 1082 1088 1080 1090 1090 1090 1083 1060 1040 1012 1012 1012 1032 1010 1028 1040 1010 1035 1060 1065 1060 1060 1020 1049 1070 1069 1060 1061 1085 1090 1082 1048 1040 1073 1068 1060 1085 1090 1090 1069 1031 1029 1060 1031
-9999 -9999 -9999 -9999 -9999 -9999 -9999 -9999 -9999 -9999 -9999 -9999 -9999 -9999 -9999 -9999 -9999 -9999 1190 1186 1147 1128 1110 1090 1070 1067 1067 1075 1090 1084 1090 1090 1084 1066 1066 1090 1090 1082 1060 1075 1080 1060 1080 1090 1086 1073 1053 1041 1048 1043 1029 1010 1010 1010 1027 1010 1045 1058 1040 1054 1033 1021 1060 1060 1045 1066 1070 1070 1090 1084 1049 1038 1066 1043 1060 1085 1074 1090 1087 1051 1029 1040 1029
-9999 -9999 -9999 -9999 -9999 -9999 -9999 -9999 -9999 -9999 -9999 -9999 -9999 -9999 -9999 -9999 -9999 -9999 -9999 1186 1165 1140 1118 1097 1090 1090 1087 1061 1084 1079 1077 1088 1085 1072 1060 1090 1090 1090 1062 1060 1080 1061 1061 1081 1082 1060 1045 1069 1075 1072 1063 1040 1035 1010 1010 1010 1040 1045 1040 1040 1010 1043 1067 1057 1033 1069 1070 1060 1089 1088 1047 1032 1046 1045 1070 1072 1060 1088 1090 1071 1034 1029 1040
-9999 -9999 -9999 -9999 -9999 -9999 -9999 -9999 -9999 -9999 -9999 -9999 -9999 -9999 -9999 -9999 -9999 -9999 -9999 -9999 1170 1162 1139 1116 1090 1090 1064 1057 1072 1074 1060 1077 1080 1070 1060 1070 1087 1090 1074 1060 1067 1070 1060 1072 1076 1070 1060 1064 1078 1080 1080 1070 1048 1030 1014 1000 1037 1032 1040 1028 1015 1061 1072 1058 1033 1060 1048 1058 1084 1090 1057 1032 1032 1068 1070 1040 1063 1090 1090 1054 1029 1035 1040
-9999 -9999 -9999 -9999 -9999 -9999 -9999 -9999 -9999 -9999 -9999 -9999 -9999 -9999 -9999 -9999 -9999 -9999 -9999 -9999 1139 1167 1151 1110 1118 1101 1080 1069 1040 1060 1073 1060 1073 1080 1062 1060 1060 1067 1080 1066 1060 1070 1049 1061 1057 1064 1070 1051 1050 1062 1070 1071 1061 1053 1028 1000 1013 1010 1033 1010 1018 1060 1080 1071 1033 1037 1039 1069 1077 1080 1065 1032 1045 1062 1033 1040 1066 1086 1090 1073 1029 1033 1022
-9999 -9999 -9999 -9999 -9999 -9999 -9999 -9999 -9999 -9999 -9999 -9999 -9999 -9999 -9999 -9999 -9999 -9999 -9999 -9999 1075 1081 1136 1131 1137 1116 1094 1080 1067 1044 1080 1065 1061 1084 1090 1077 1065 1060 1062 1070 1060 1062 1054 1052 1046 1069 1070 1067 1047 1047 1060 1040 1056 1060 1048 1012 1000 1005 1024 1010 1018 1051 1080 1078 1048 1033 1056 1080 1060 1078 1072 1032 1036 1045 1030 1063 1081 1083 1060 1062 1041 1020 1041
-9999 -9999 -9999 -9999 -9999 -9999 -9999 -9999 -9999 -9999 -9999 -9999 -9999 -9999 -9999 -9999 -9999 -9999 -9999 1146 1140 1130 1130 1137 1140 1132 1110 1091 1067 1040 1072 1058 1049 1073 1080 1080 1080 1070 1046 1067 1063 1040 1048 1031 1031 1047 1070 1070 1047 1050 1070 1044 1039 1056 1060 1048 1010 1000 1010 1010 1032 1067 1080 1077 1045 1033 1064 1068 1058 1090 1082 1041 1021 1030 1049 1074 1090 1090 1082 1044 1026 1020 1054
-9999 -9999 -9999 -9999 -9999 -9999 -9999 -9999 -9999 -9999 -9999 -9999 -9999 -9999 -9999 -9999 -9999 -9999 -9999 1137 1123 1120 1117 1116 1136 1140 1127 1105 1085 1059 1042 1040 1030 1037 1053 1058 1063 1070 1060 1042 1040 1040 1040 1050 1047 1031 1029 1045 1038 1024 1044 1042 1020 1039 1043 1046 1024 990 992 1005 1039 1067 1072 1055 1026 1031 1060 1043 1058 1087 1080 1048 1010 1027 1054 1073 1080 1087 1090 1075 1048 1018 1028
-9999 -9999 -9999 -9999 -9999 -9999 -9999 -9999 -9999 -9999 -9999 -9999 -9999 -9999 -9999 -9999 -9999 -9999 -9999 1153 1138 1120 1110 1090 1113 1140 1135 1120 1109 1093 1076 1073 1064 1054 1030 1030 1030 1030 1039 1057 1062 1070 1073 1080 1076 1058 1035 1020 1022 1010 1011 1020 1017 1030 1020 1037 1040 1017 990 1018 1036 1054 1062 1036 1015 1041 1058 1030 1056 1079 1078 1046 1010 1040 1048 1037 1060 1083 1078 1060 1046 1012 1031
-9999 -9999 -9999 -9999 -9999 -9999 -9999 -9999 -9999 -9999 -9999 -9999 -9999 -9999 -9999 -9999 -9999 -9999 -9999 1171 1149 1128 1110 1086 1088 1113 1127 1111 1120 1119 1107 1101 1095 1086 1066 1056 1038 1030 1030 1030 1030 1039 1045 1059 1072 1073 1060 1059 1058 1040 1022 998 1001 1016 1030 1010 1034 1017 990 996 1015 1030 1040 1024 1015 1040 1041 1026 1050 1067 1073 1043 1010 1029 1032 1058 1075 1086 1088 1066 1038 1010 1033
-9999 -9999 -9999 -9999 -9999 -9999 -9999 -9999 -9999 -9999 -9999 -9999 -9999 -9999 -9999 -9999 -9999 -9999 -9999 1169 1148 1140 1121 1108 1086 1082 1103 1080 1106 1119 1120 1110 1088 1077 1068 1050 1030 1031 1044 1030 1030 1030 1025 1025 1037 1045 1043 1047 1050 1037 1016 1002 999 994 990 990 990 1007 1006 990 990 1009 1040 1025 1015 1040 1020 1035 1040 1042 1065 1042 1010 1025 1053 1060 1060 1064 1090 1074 1030 1010 1031
-9999 -9999 -9999 -9999 -9999 -9999 -9999 -9999 -9999 -9999 -9999 -9999 -9999 -9999 -9999 -9999 -9999 -9999 -9999 1184 1154 1134 1125 1110 1090 1074 1060 1060 1068 1072 1086 1073 1057 1039 1030 1030 1050 1060 1060 1050 1060 1046 1025 1026 1016 1016 1016 1018 1019 1014 1010 1010 1020 1017 1015 1011 1005 990 992 995 984 990 1020 1005 1015 1027 1010 1040 1040 1026 1056 1032 990 1042 1060 1041 1053 1073 1083 1066 1028 1010 1030
-9999 -9999 -9999 -9999 -9999 -9999 -9999 -9999 -9999 -9999 -9999 -9999 -9999 -9999 -9999 -9999 -9999 -9999 -9999 -9999 1177 1157 1143 1119 1105 1092 1084 1068 1055 1047 1039 1039 1039 1040 1043 1055 1071 1077 1061 1074 1072 1030 1049 1055 1041 1034 1026 1016 1010 1013 1010 1026 1037 1041 1042 1044 1031 1011 988 982 980 980 985 1002 988 999 1012 1031 1040 1012 1034 1007 996 1038 1031 1039 1063 1070 1060 1070 1030 990 1015
-9999 -9999 -9999 -9999 -9999 -9999 -9999 -9999 -9999 -9999 -9999 -9999 -9999 -9999 -9999 -9999 -9999 -9999 -9999 -9999 -9999 1170 1150 1140 1121 1110 1109 1101 1100 1090 1073 1040 1068 1068 1072 1086 1097 1097 1070 1090 1060 1063 1086 1086 1078 1071 1059 1065 1051 1046 1034 1060 1073 1074 1069 1055 1020 1016 999 985 1000 991 980 980 980 980 1010 1010 1033 1029 996 990 1015 1014 1035 1050 1065 1055 1051 1070 1045 1013 993
-9999 -9999 -9999 -9999 -9999 -9999 -9999 -9999 -9999 -9999 -9999 -9999 -9999 -9999 -9999 -9999 -9999 -9999 -9999 -9999 -9999 -9999 1170 1156 1145 1135 1125 1120 1103 1084 1060 1056 1092 1103 1100 1110 1120 1101 1093 1095 1061 1085 1110 1116 1107 1096 1089 1090 1079 1071 1061 1063 1083 1090 1079 1046 1036 1034 1029 1022 1023 1017 995 998 992 980 988 1003 1013 1026 998 986 1004 1029 1053 1060 1047 1033 1037 1068 1064 1045 1024
-9999 -9999 -9999 -9999 -9999 -9999 -9999 -9999 -9999 -9999 -9999 -9999 -9999 -9999 -9999 -9999 -9999 -9999 -9999 -9999 -9999 -9999 -9999 1177 1149 1122 1093 1084 1084 1087 1083 1090 1101 1132 1124 1133 1135 1111 1116 1092 1089 1113 1131 1108 1093 1090 1086 1090 1082 1078 1071 1060 1065 1080 1068 1052 1062 1065 1061 1056 1046 1037 1022 1012 1005 980 980 982 998 1004 980 997 1021 1048 1067 1062 1036 1020 1040 1062 1070 1062 1035
-9999 -9999 -9999 -9999 -9999 -9999 -9999 -9999 -9999 -9999 -9999 -9999 -9999 -9999 -9999 -9999 -9999 -9999 -9999 -9999 -9999 -9999 -9999 -9999 1125 1138 1131 1124 1105 1128 1110 1132 1140 1155 1157 1140 1129 1129 1128 1105 1121 1137 1136 1110 1092 1070 1061 1064 1066 1059 1059 1040 1054 1059 1069 1070 1080 1080 1080 1071 1070 1062 1042 1026 1012 990 983 980 980 980 980 998 1020 1044 1056 1046 1017 1021 1028 1041 1066 1069 1041
