曹坪.asc
ncols            395
nrows            346
xllcorner     37393081.8093
yllcorner      4168011.4434
cellsize          50
NODATA_value     -9999
[rows 222 to 258 of 346, columns 249 to 331 of 395]
1034 1021 983 959 954 944 940 942 959 980 990 998 1010 992 985 1011 1030 1010 1001 1026 1040 1040 1060 1061 1070 1060 1034 1010 1028 1040 1040 1009 980 1004 975 960 960 982 1003 1009 1018 1010 1024 1066 1076 1062 1070 1058 1048 1038 1040 1056 1070 1086 1104 1117 1120 1113 1093 1083 1080 1094 1106 1120 1101 1057 1055 1080 1080 1057 1040 1020 998 998 1029 1046 1064 1076 1076 1049 1040 1060 1080
1040 1037 1005 974 956 946 940 940 951 959 970 987 1002 971 997 1022 1030 1012 991 1021 1040 1040 1055 1062 1069 1066 1054 1032 1010 1013 1040 1022 985 964 960 960 984 1010 1026 1034 1043 1041 1010 1056 1086 1090 1090 1088 1072 1053 1037 1046 1061 1072 1084 1102 1120 1120 1115 1099 1070 1077 1079 1093 1090 1071 1027 1060 1078 1055 1040 1029 998 1018 1045 1062 1078 1090 1090 1086 1076 1080 1080
1040 1022 1014 990 960 955 940 940 944 952 961 971 978 967 1002 1029 1040 1014 984 992 1016 1030 1036 1037 1043 1054 1060 1051 1028 990 1017 1030 1012 981 960 960 982 990 1017 1048 1069 1064 1042 1042 1073 1081 1075 1085 1083 1072 1055 1049 1060 1068 1077 1091 1097 1098 1120 1114 1093 1060 1063 1070 1067 1045 1028 1048 1069 1047 1037 1029 998 1026 1039 1056 1080 1086 1066 1086 1090 1100 1100
1034 1040 1029 1002 967 961 951 940 940 946 950 957 960 967 985 1023 1040 1018 980 998 997 990 1010 1023 1034 1049 1066 1065 1043 1010 992 1024 1015 981 960 964 993 1018 1032 1040 1067 1080 1068 1050 1070 1066 1048 1060 1070 1080 1070 1063 1060 1065 1071 1078 1083 1093 1105 1083 1082 1060 1046 1076 1086 1067 1038 1015 1041 1040 1020 1023 998 1025 1037 1053 1045 1065 1030 1070 1072 1104 1110
1022 1035 1040 1013 988 973 961 940 940 940 942 951 960 970 984 1013 1040 1019 980 985 1004 1017 1027 1035 1040 1035 1053 1062 1051 1021 980 1001 1006 976 960 966 991 1017 1044 1064 1070 1080 1073 1060 1056 1046 1036 1044 1065 1080 1083 1077 1070 1068 1060 1060 1063 1073 1081 1082 1059 1041 1046 1080 1090 1079 1059 1020 1010 1023 1010 1019 998 1006 1032 1035 1026 1028 1030 1033 1065 1070 1091
1010 1028 1040 1020 998 973 968 951 940 940 940 948 956 966 985 1006 1036 1015 970 999 1011 1021 1033 1040 1040 1033 1026 1048 1045 1033 1000 970 985 960 960 979 993 1019 1041 1065 1058 1046 1045 1040 1024 1030 1038 1040 1052 1065 1085 1090 1088 1078 1068 1053 1045 1069 1079 1090 1067 1041 1040 1075 1088 1060 1070 1055 1027 1006 998 1011 998 998 998 1008 1010 1013 1013 1020 1031 1059 1060
996 1030 1040 1030 1004 990 974 962 940 940 940 940 949 964 986 1000 1025 1018 970 987 982 992 1017 1018 1035 1030 1021 1018 1040 1038 1004 971 960 960 975 988 990 1021 1040 1040 1040 1030 1022 1010 1022 1031 1032 1039 1040 1053 1068 1083 1090 1090 1075 1056 1040 1044 1068 1080 1065 1030 1040 1061 1080 1056 1061 1070 1060 1037 1007 998 1004 1028 1038 1044 1048 1049 1049 1043 1036 1044 1066
997 1026 1032 1040 1011 987 970 962 946 940 940 940 944 959 981 994 1011 1015 982 966 994 1003 1010 1010 1024 1022 1010 1008 1018 1031 997 975 960 960 990 1001 1014 1025 1034 1010 1011 1017 1010 1018 1036 1044 1048 1049 1050 1050 1060 1064 1084 1081 1061 1048 1032 1040 1046 1070 1069 1040 1027 1052 1077 1064 1032 1061 1067 1045 1021 999 998 1040 1045 1059 1070 1080 1081 1075 1064 1065 1067
1012 1012 1029 1040 1030 1000 980 968 961 946 940 940 940 954 964 977 992 1000 973 964 999 1010 1010 1019 1040 1038 1021 994 1012 1022 991 962 960 965 986 1008 1020 1023 1006 1004 999 998 1006 1027 1037 1040 1060 1066 1069 1070 1070 1076 1085 1084 1085 1062 1045 1024 1040 1058 1067 1042 1014 1040 1066 1064 1019 1034 1054 1043 1013 981 1011 1030 1020 1029 1045 1074 1086 1090 1090 1090 1090
1010 990 1029 1031 1027 1013 990 975 960 959 940 940 940 940 956 964 981 983 960 964 994 1010 993 1017 1038 1040 1036 1005 980 1009 976 963 960 966 981 997 995 1001 989 990 990 997 1010 1010 1010 1030 1038 1057 1070 1072 1082 1090 1090 1090 1090 1078 1055 1034 1023 1042 1060 1049 1014 1024 1055 1060 1032 1010 1030 1027 994 981 1007 990 1013 1022 1022 1032 1059 1082 1090 1090 1086
990 990 1032 1035 1010 1020 1007 986 970 967 944 940 940 940 941 962 960 970 960 966 996 1005 990 1010 1022 1030 1031 1023 987 978 966 960 960 960 964 970 966 970 981 996 1015 1013 1025 1014 1010 1012 1017 1042 1048 1057 1069 1082 1090 1082 1060 1071 1064 1046 1018 1028 1052 1048 1014 1024 1045 1054 1051 1013 987 1002 981 1001 1005 1023 1044 1051 1046 1048 1060 1077 1075 1075 1065
970 1006 1025 1033 999 1015 1020 1000 984 970 952 940 940 940 940 949 956 958 960 969 999 998 990 998 1010 1010 1019 1026 1000 963 960 960 968 971 960 970 973 979 987 1007 1040 1025 1052 1047 1034 1030 1011 1020 1035 1040 1058 1066 1078 1090 1074 1041 1033 1040 1037 1010 1043 1040 1020 1014 1026 1046 1060 1040 1007 981 1004 1026 1039 1049 1060 1060 1060 1067 1070 1065 1061 1053 1055
962 987 1003 1023 1003 995 1020 1019 1000 980 962 945 940 940 937 938 939 940 952 977 990 990 975 1001 1010 1010 993 1015 990 960 960 960 985 990 1000 1005 1002 1007 1007 1042 1060 1040 1071 1072 1056 1039 1031 1039 1026 1035 1044 1063 1077 1087 1090 1072 1046 1030 1010 1006 1024 1040 1035 991 1016 1042 1055 1041 1017 981 1002 1038 1046 1053 1041 1049 1046 1070 1062 1049 1040 1037 1055
960 969 980 999 998 975 1003 1013 1010 995 977 962 940 940 930 932 933 937 948 962 980 990 970 992 1010 1010 980 993 964 960 960 960 960 965 992 1006 1014 1034 1040 1050 1073 1071 1080 1085 1060 1030 1050 1059 1050 1039 1040 1049 1060 1072 1090 1090 1071 1047 1034 1026 987 1035 1040 1023 983 1020 1040 1022 995 975 1013 1014 1021 1036 1021 1027 1023 1032 1052 1021 1025 1029 1040
947 947 956 958 966 962 979 983 1000 1004 990 988 976 957 940 930 930 931 935 941 962 977 964 984 1010 1010 981 974 956 953 957 975 979 970 963 970 980 1019 1039 1058 1071 1079 1083 1088 1064 1040 1065 1079 1072 1053 1040 1063 1074 1077 1081 1086 1083 1075 1058 1036 998 1015 1040 1035 991 1003 1032 1028 990 973 990 1010 1003 993 993 993 999 1010 1010 1010 1020 1040 1040
944 944 944 944 944 944 944 944 956 976 985 983 977 964 957 940 930 930 930 930 936 957 958 975 1000 1010 994 964 947 940 953 994 1006 1001 985 999 997 994 1018 1032 1043 1057 1060 1080 1072 1058 1066 1090 1088 1074 1060 1062 1084 1090 1083 1060 1061 1080 1078 1055 1016 983 1031 1040 1014 973 1008 1000 973 974 980 984 993 1012 1013 1019 1021 1015 1030 1030 1040 1033 1040
957 962 944 944 951 949 950 945 941 941 945 951 947 941 940 937 930 930 930 930 930 930 939 965 991 1005 989 960 940 940 966 1001 1030 1030 1010 1030 1025 1010 1017 1036 1040 1032 1040 1059 1070 1059 1065 1090 1087 1060 1060 1041 1073 1086 1081 1056 1045 1065 1071 1044 1019 980 1024 1040 1038 1004 973 973 987 1004 1010 1023 1024 1034 1036 1043 1046 1043 1051 1050 1052 1044 1049
982 974 963 957 970 967 970 965 957 947 941 941 941 947 944 936 930 930 930 930 930 930 930 947 977 990 979 945 940 940 980 1014 1039 1040 1019 1038 1040 1036 1025 1027 1023 1018 1031 1049 1062 1052 1052 1074 1090 1077 1040 1024 1049 1058 1060 1060 1031 1039 1057 1047 1021 980 1022 1040 1040 1028 998 973 993 1023 1037 1040 1050 1058 1062 1072 1077 1077 1081 1078 1072 1062 1060
990 985 984 990 986 990 981 980 976 962 958 969 960 970 963 956 950 942 931 930 930 930 930 930 951 978 964 940 940 970 1000 1020 1035 1040 1020 1011 1040 1040 1034 1010 1010 1017 1030 1034 1041 1033 1040 1064 1082 1090 1066 1035 1012 1034 1037 1050 1040 1020 1040 1040 1026 973 1011 1040 1040 1032 1008 970 987 1024 1029 1033 1044 1060 1055 1072 1087 1090 1090 1090 1090 1072 1056
994 1007 1002 1009 1008 1004 999 994 984 967 990 986 973 980 987 980 965 953 946 941 936 934 932 930 930 964 940 940 945 965 997 1010 1009 1021 1016 975 1009 1010 1020 991 1010 1018 1014 1018 1021 1034 1045 1064 1081 1090 1080 1053 1030 1008 1018 1030 1040 1034 1011 1040 1031 978 1014 1040 1040 1030 1002 970 990 984 1004 1020 1030 1041 1030 1050 1064 1060 1072 1080 1090 1072 1053
1003 1022 1031 1029 1026 1025 1020 1011 1000 989 1011 1004 990 973 989 990 986 963 953 947 940 936 934 932 930 934 938 940 968 984 1001 1010 983 1003 984 972 972 991 991 991 992 1002 1013 1022 1030 1030 1040 1052 1065 1087 1090 1073 1045 1023 990 1007 1034 1040 1014 1021 1030 1000 973 1016 1040 1023 979 965 970 970 988 1000 990 1013 1014 1030 1030 1040 1040 1065 1080 1076 1073
1002 1020 1038 1040 1040 1046 1039 1034 1012 1018 1029 1024 1018 1006 1000 997 994 976 958 952 942 937 935 933 930 930 931 946 968 995 1010 1010 979 970 972 990 984 993 993 991 991 1013 1020 1023 1023 1020 1030 1044 1060 1076 1090 1086 1066 1040 1020 984 1012 1031 1023 990 1021 1020 977 985 1015 1003 964 990 999 1012 1008 996 1015 1007 1007 1007 1010 1016 1040 1059 1068 1080 1090
967 985 999 1025 1030 1059 1066 1057 1038 1021 1040 1040 1040 1031 1020 1010 1010 990 975 957 944 938 936 933 931 930 930 939 975 992 1010 990 967 979 994 1008 993 1017 1021 1014 1007 995 1010 1010 1022 1030 1040 1040 1044 1060 1072 1064 1071 1054 1028 1002 985 1029 1030 1013 979 1019 1005 963 986 994 964 999 1023 1042 1041 1038 1040 1038 1031 1030 1035 1033 1025 1045 1068 1086 1090
973 991 991 1000 1010 1038 1065 1061 1040 1040 1040 1039 1034 1035 1021 1008 1010 1010 994 974 952 938 936 934 932 930 930 937 976 992 1010 991 960 992 1015 1026 1014 1020 1038 1037 1032 1022 1011 1010 1018 1022 1020 1030 1037 1049 1070 1054 1058 1062 1042 1014 984 1010 1030 1030 987 995 1020 996 960 966 964 1012 1035 1060 1069 1069 1069 1066 1053 1061 1061 1052 1046 1040 1057 1077 1082
980 1015 1032 1042 1040 1040 1047 1040 1024 1040 1035 994 985 997 1010 986 1006 1004 998 990 972 939 937 935 933 930 930 930 967 990 1000 981 960 990 1015 1038 1032 1019 1048 1060 1059 1049 1033 1026 1020 1020 1022 1040 1053 1066 1070 1047 1031 1053 1048 1030 989 984 1012 1030 1007 960 1009 1010 960 960 973 1004 1022 1032 1058 1048 1062 1080 1078 1082 1086 1080 1063 1055 1060 1061 1063
990 1021 1040 1061 1065 1040 1027 1011 1013 1005 1030 1021 993 970 968 960 975 963 976 969 980 951 938 936 934 931 930 930 953 982 984 960 972 990 1006 1030 1040 1030 1038 1050 1051 1061 1060 1043 1040 1042 1040 1043 1069 1070 1063 1046 1013 1036 1040 1040 1011 984 985 1023 1020 980 979 1007 960 966 994 1008 1019 1017 1040 1029 1044 1071 1065 1080 1078 1089 1071 1060 1045 1040 1040
981 990 1002 1044 1070 1065 1044 1027 1010 991 1005 1030 1022 997 978 960 960 960 960 954 940 948 940 937 934 931 930 930 938 972 964 960 965 982 1006 1028 1040 1031 1015 1027 1030 1058 1070 1063 1068 1070 1063 1060 1060 1054 1060 1044 1018 1014 1040 1040 1034 1001 960 995 1012 994 960 978 960 976 1010 1033 1040 1040 1025 1014 1042 1046 1056 1064 1069 1080 1077 1059 1041 1032 1031
989 1004 1025 1018 1056 1070 1062 1035 1010 993 980 1016 1006 983 962 960 984 973 979 976 964 941 940 938 935 932 930 930 930 955 960 960 988 989 998 1019 1035 1032 1010 1010 1029 1042 1058 1070 1068 1070 1080 1078 1065 1037 1052 1050 1024 1010 1011 1040 1040 1020 990 960 984 985 960 960 961 990 1011 1024 1024 1023 1005 1011 1029 1031 1052 1030 1060 1072 1067 1062 1056 1041 1031
1009 1027 1054 1042 1044 1044 1066 1040 1031 1010 992 970 971 964 960 988 1002 992 980 1001 992 975 964 949 938 934 931 930 930 939 952 975 990 990 988 997 999 1004 1010 1010 1020 1031 1051 1055 1044 1060 1067 1060 1055 1032 1032 1040 1040 1019 990 1027 1040 1040 1011 977 960 959 956 983 980 974 973 981 990 996 986 1011 993 1023 1030 1026 1039 1045 1051 1080 1078 1061 1042
1040 1054 1070 1070 1069 1044 1052 1030 1040 1036 1013 992 965 960 990 1012 1027 1021 1009 1020 1018 1005 993 973 942 936 933 930 930 942 970 981 990 987 970 981 992 999 1010 1014 1018 1028 1037 1028 1031 1060 1070 1060 1041 1030 1026 1048 1046 1020 990 1008 1037 1040 1024 994 970 950 968 1005 1014 1011 1002 999 987 990 997 999 1010 1009 1010 1013 1027 1040 1061 1076 1080 1072 1061
1045 1034 1042 1054 1067 1067 1056 1017 1023 1035 1009 984 970 988 984 1023 1040 1040 1033 1021 1039 1028 1010 989 958 938 935 930 930 935 960 977 990 970 989 1002 1009 1010 1020 1027 1025 1019 1016 1010 1036 1044 1056 1043 1040 1021 1025 1052 1052 1026 998 990 1022 1040 1030 1000 968 950 989 1019 1040 1041 1032 1025 1013 980 1022 1029 1028 1031 1030 1044 1045 1040 1051 1064 1055 1068 1070
1051 1020 1022 1019 1016 1035 1040 1038 1002 1005 988 974 970 994 1008 1010 1036 1038 1030 1030 1040 1026 1010 997 977 952 937 930 930 930 945 970 988 960 991 1010 1010 997 1015 1028 1026 1001 990 1010 1033 1050 1064 1049 1027 1009 1027 1050 1055 1024 999 970 1008 1031 1016 997 950 960 991 1031 1059 1057 1040 1040 1040 1009 995 1039 1053 1060 1062 1067 1060 1049 1030 1040 1033 1046 1066
1039 1012 1011 1011 1011 1009 1012 1032 1017 980 970 970 990 1013 1028 1021 1012 1010 999 993 1001 1003 977 959 962 965 942 930 930 930 935 961 980 960 982 991 1007 993 997 1008 1006 992 1014 1030 1039 1057 1070 1056 1027 995 1020 1048 1060 1036 1010 976 991 1016 999 967 941 967 1010 1037 1052 1046 1029 1040 1056 1044 1034 1032 1030 1063 1070 1060 1043 1035 1030 1022 1020 1030 1057
1048 1052 1041 1032 1015 1011 990 991 989 980 981 982 1003 1029 1043 1033 1017 1004 991 975 960 960 960 959 940 940 940 930 930 930 930 937 967 960 960 979 990 982 970 981 990 1000 1010 1025 1025 1030 1057 1057 1020 990 1014 1033 1043 1041 1014 978 971 1004 992 950 950 990 997 1002 1012 1024 1010 1024 1051 1066 1060 1053 1044 1042 1060 1070 1074 1054 1037 1038 1026 1021 1040
1055 1070 1058 1042 1042 1027 1010 982 980 997 1010 978 1012 1040 1056 1050 1043 1032 1014 994 986 960 982 983 977 963 954 934 930 930 930 930 950 940 980 990 990 972 980 1001 1010 1016 1020 1017 1010 1025 1043 1049 1028 990 989 1021 1040 1040 1027 999 960 976 970 940 965 990 974 990 990 990 1010 1015 1030 1060 1080 1080 1072 1070 1076 1090 1090 1081 1060 1034 1030 1010 1014
1062 1070 1043 1040 1060 1052 1033 1010 980 1008 1028 1012 990 1028 1048 1056 1066 1054 1035 1010 991 969 994 1006 1004 990 964 941 930 930 930 930 931 963 990 990 990 962 990 1007 1009 1008 1020 1011 1009 1015 1028 1040 1035 1004 980 1014 1024 1040 1040 1014 975 961 940 940 960 962 970 970 970 983 1001 1016 1030 1048 1060 1073 1080 1060 1064 1072 1085 1084 1054 1040 1040 1029 994
1080 1063 1040 1020 1044 1058 1044 1010 990 1024 1044 1037 1022 1010 1030 1042 1069 1070 1057 1031 1010 972 1007 1034 1031 1010 986 960 930 930 930 930 930 958 988 990 961 973 990 994 990 1004 1010 1001 996 1010 1028 1040 1039 1006 972 992 1016 1040 1040 1019 999 967 940 970 990 992 1001 1003 990 990 980 1003 1022 1029 1040 1055 1064 1070 1033 1060 1060 1060 1061 1030 1021 1010 991
