.ipynb_checkpoints/aspect-checkpoint.asc
ncols            344
nrows            393
xllcorner     37393081.8093
yllcorner     4168011.4434
cellsize          50
NODATA_value      0
[rows 161 to 183 of 393, columns 104 to 155 of 344]
-0.028169014084507043 -1.2121212121212122 0.7224880382775121 0.6842105263157895 0.2839506172839506 0.24571428571428572 -0.24031007751937983 -0.6507936507936507 0.33333333333333337 2.0 4.0 9.000000000000002 -38.0 -3.25 -3.7142857142857144 3.142857142857143 0.44999999999999996 0.8421052631578947 0.2839506172839506 -0.7777777777777779 -6.333333333333334 -0.22666666666666668 -0.22891566265060243 -0.1510791366906475 -0.48 -3.875 0.14285714285714285 0.26775956284153 0.24855491329479767 -0.012987012987012986 -0.24409448818897636 3.695652173913043 1.0 3.8571428571428577 -1.9756097560975612 0.1111111111111111 -0.13235294117647056 -0.02631578947368421 0.2727272727272727 0.10526315789473684 0.2926829268292683 0.7411764705882353 12.2 2.6842105263157894 1.0869565217391306 -5.095238095238096 -0.7910447761194029 -0.4188034188034188 -0.07317073170731707 2.478260869565217 1.091743119266055 -5.9523809523809526
-0.5 3.0 4.8 1.25 3.666666666666667 1.7941176470588234 2.7714285714285714 3.0246913580246915 4.066666666666666 -2.438202247191011 -0.7731958762886598 -0.5051546391752577 0.3157894736842105 0.09923664122137404 -0.20731707317073172 -0.48275862068965514 -0.5692307692307692 1.5333333333333334 0.3214285714285714 0.08982035928143713 0.030303030303030304 0.05172413793103448 1.2857142857142856 0.7435897435897435 0.8210526315789475 4.3125 -0.6 -0.8608695652173913 1.4666666666666668 -0.38738738738738737 -0.3623188405797102 -0.01075268817204301 0.14035087719298248 0.11111111111111112 0.16666666666666669 0.2815533980582524 0.16230366492146597 -0.006211180124223602 -1.8571428571428574 -1.4545454545454546 -0.9473684210526317 -0.07692307692307693 -1.1875 -7.4444444444444455 -2.03125 -0.6939890710382514 -0.5854922279792746 -0.35384615384615387 -0.2037037037037037 -0.17532467532467533 -0.5652173913043479 1.028169014084507
0 0 0 0 0 0 0 0 0 0 0 0 0 0 0 0 0 0 0 0 0 0 0 0 0 0 0 0 0 0 0 0 0.30708661417322836 -0.5272727272727272 5.32 4.6 1.987012987012987 3.1999999999999997 -0.14285714285714285 -0.7142857142857143 -1.8 -0.10891089108910891 -0.4594594594594595 4.315789473684211 47.333333333333336 -4.0 -1.8703703703703702 -0.8064516129032259 -1.7173913043478262 -3.818181818181818 -27.400000000000002 4.672727272727272
4.615384615384615 7.400000000000001 -7.857142857142857 3.6470588235294117 1.837837837837838 4.243243243243244 2.873015873015873 5.5625 -2.242424242424242 -1.1935483870967742 -6.625 4.862068965517241 4.318181818181818 0 0 0 0 0 0 0 0 0 0 0 0 0 0 0 0 0 0 0 0 0 0 0 0 0 0 0 0 0 0 0 0 0 0 0 0 0 0 0
0.6296296296296297 1.9615384615384615 2.481481481481481 -199.0 -2.5 -0.4883720930232558 0.18811881188118812 -5.0 -1.3466666666666667 7.0 21.333333333333336 -0.9238095238095237 -0.7169811320754716 -1.8387096774193548 1.296296296296296 0.5555555555555556 0.2602739726027397 0.4516129032258065 -0.9420289855072465 -0.47368421052631576 2.0999999999999996 0.564516129032258 -2.9545454545454546 -2.5517241379310347 4.0625 1.0975609756097562 0.5466666666666666 1.170731707317073 1.0759493670886076 0.6451612903225807 0.7674418604651162 0 0 0 0 0 0 0 0 0 0 0 0 0 -0.7278911564625851 -0.7826086956521741 -2.3157894736842106 0.9444444444444445 1.4 3.076923076923077 4.777777777777778 -4.684210526315789
1.024390243902439 1.9375 4.125 2.4358974358974357 -1.0588235294117645 0.006896551724137932 -0.22330097087378642 0.8613861386138614 0.603448275862069 0.2758620689655173 0.39999999999999997 0.39534883720930236 0.25217391304347825 -0.30434782608695654 -0.05357142857142856 -0.22047244094488191 -0.33333333333333337 -0.03816793893129771 0.5483870967741936 0.6739130434782609 1.3333333333333335 2.846153846153846 -8.866666666666667 4.560975609756098 1.7636363636363634 1.2 0.5740740740740741 -1.121212121212121 1.6451612903225807 1.1276595744680853 0.9008264462809918 1.0566037735849056 -15.0 -0.07894736842105263 0.08474576271186442 -1.0 0.41899441340782123 17.0 -0.19827586206896555 -0.1794871794871795 0.23529411764705882 -0.10344827586206896 0.08333333333333334 -0.23076923076923075 0.26881720430107525 1.8085106382978724 1.9056603773584906 2.3499999999999996 1.0194174757281553 0.6811594202898551 0.5932203389830508 2.411764705882353
0.2857142857142857 -0.5 -2.0833333333333335 -0.06666666666666667 -0.06410256410256411 0.6315789473684211 -7.8 7.8 0.06956521739130435 -0.030927835051546393 0.21428571428571425 -0.09333333333333334 1.6129032258064517 0.7123287671232877 -2.0 0.6564417177914111 0.6629213483146067 -0.16129032258064518 -2.939393939393939 0.44329896907216493 -0.16049382716049382 0.021276595744680854 3.125 0.39285714285714285 -0.23076923076923075 8.0 0.7714285714285716 -4.0 -0.611111111111111 0.08333333333333334 0.4615384615384615 0.44999999999999996 0.5384615384615385 0.7333333333333334 -1.0 -2.586206896551724 -0.46236559139784944 0.029411764705882353 0.049999999999999996 0.4285714285714286 0.4068965517241379 0.6142857142857143 -1.53125 -1.1724137931034484 -0.14728682170542634 -0.7499999999999999 -1.2666666666666666 4.411764705882352 -0.049999999999999996 3.0833333333333335 1.4 0.8387096774193549
-0.8064516129032259 0.7435897435897435 2.4615384615384617 0.6216216216216216 0.391304347826087 0.3333333333333333 0.3103448275862069 -9.000000000000002 3.75 0.8571428571428572 -0.030303030303030304 0.7608695652173912 0.38666666666666666 -0.783132530120482 -30.000000000000004 12.200000000000001 -22.000000000000004 -7.769230769230769 -1.4999999999999998 0.25806451612903225 2.061224489795918 2.5483870967741935 1.6666666666666665 1.2797202797202798 1.1228070175438598 0.6666666666666667 2.857142857142857 12.555555555555555 36.0 9.133333333333335 2.5813953488372094 2.142857142857143 15.285714285714285 45.0 5.666666666666667 -2.1898734177215187 -1.4210526315789473 0.4860335195530726 0.6 -5.769230769230769 1.2197802197802199 1.4166666666666667 0.08139534883720931 -0.10843373493975904 0.40127388535031844 0.6363636363636364 0.11594202898550726 2.043478260869565 0.5686274509803921 0.7377049180327869 -0.24705882352941178 -1.2272727272727273
-0.06885245901639345 -0.2781065088757396 -0.6842105263157895 -0.4166666666666667 0.38271604938271603 0.4248927038626609 0.7746478873239437 -0.1559633027522936 0.3684210526315789 0.5081967213114754 0.5757575757575757 0.08474576271186442 0.13157894736842105 0.15384615384615383 0.34285714285714286 0.12359550561797752 0.12408759124087591 -1.0 -1.1818181818181817 1.9206349206349205 -1.277777777777778 0.16417910447761194 0.25252525252525254 0.1875 0.2577319587628866 0.13636363636363635 1.1081081081081081 2.8333333333333335 -1.6 -1.2432432432432432 -1.0845070422535212 0.38666666666666666 0.029940119760479045 0.4634146341463415 0.8108108108108107 0.5730337078651685 0.3802816901408451 -0.023255813953488372 -0.8333333333333334 3.375 1.717948717948718 -1.25 0.3972602739726027 0.36633663366336633 0.0909090909090909 1.1025641025641024 0.7922077922077921 -35.0 0.1272727272727273 0.2571428571428572 2.4736842105263155 2.0
0.22123893805309736 0.008403361344537816 -0.1639344262295082 -0.288135593220339 -0.84375 -0.043478260869565216 10.666666666666668 1.1875 -0.06951871657754011 -0.04417670682730923 -0.020689655172413793 0.9090909090909092 -1.857142857142857 0.7777777777777777 1.927835051546392 15.545454545454545 -0.33898305084745767 0.11004784688995217 0.07692307692307693 0.3333333333333333 0.3262032085561497 0.9006211180124223 2.9374999999999996 0.6684491978609626 0.2926829268292683 -0.5121951219512195 0.25 1.1553398058252426 1.0707070707070707 1.1428571428571428 0.9646017699115046 0.9259259259259258 0.9130434782608695 0 0 0 0 0 -0.14545454545454545 -0.39737991266375544 -0.41304347826086957 -0.7333333333333334 -0.6563876651982379 -0.9833333333333333 0.058823529411764705 -0.38922155688622756 -0.19133574007220217 -0.13114754098360656 -0.15025906735751296 -0.09722222222222224 0.010989010989010988 -0.06666666666666667
0 0 0 0 0 0 0 0 0 0 0 0 0 0 0 0 0 0 0 0 0 0 0 0 0 0 0 0 0 0 0 0 0 1.02020202020202 0.6390977443609022 3.5714285714285716 83.0 0.7972972972972973 0.4 -0.2254335260115607 -0.2574850299401198 0.09999999999999999 31.0 3.0952380952380953 3.4680851063829787 2.393939393939394 -6.2727272727272725 -0.9207920792079208 -0.1 1.0253164556962024 0.9846153846153846 1.0155038759689923
-0.47008547008547014 -0.32075471698113206 -0.7241379310344828 -0.5244755244755245 -0.5096774193548387 -0.8 0.8 1.0235294117647058 0.25 -0.7922077922077921 0.8571428571428572 0.3238095238095238 0.8198198198198198 -3.6666666666666665 -0.6727272727272726 -1.1686746987951808 -0.21686746987951808 -0.5392156862745099 -0.4651162790697675 -0.6923076923076923 0 0 0 0 0 0 0 0 0 0 0 0 0 0 0 0 0 0 0 0 0 0 0 0 0 0 0 0 0 0 0 0
0.2545454545454546 -0.5483870967741936 0.5802469135802468 0.8222222222222222 -1.690909090909091 -53.0 0.9193548387096774 0 -0.47777777777777775 -0.5769230769230769 0.11711711711711711 -0.02158273381294964 0.3170731707317073 -1.0 -23.666666666666668 7.374999999999999 -16.599999999999998 0.3333333333333333 0.011494252873563218 0.2857142857142857 -0.8461538461538461 -9.799999999999999 1.2941176470588234 0.6060606060606061 9.333333333333334 -0.728813559322034 -0.2830188679245283 0.3333333333333333 0.29032258064516125 0.5584415584415584 0.6274509803921569 1.08 5.105263157894736 10.272727272727272 3.888888888888889 24.0 0.012658227848101266 0.08695652173913043 0.14285714285714285 0.046875 -0.13966480446927373 1.25 0.010309278350515464 -0.006289308176100628 -0.2888888888888889 0.26506024096385544 0.29411764705882354 0.3166666666666667 0.08333333333333334 0.15463917525773196 -51.0 -0.8938053097345133
0.30526315789473685 -0.9166666666666667 0.3424657534246575 0.37209302325581395 -0.1678832116788321 -2.0 -2.081967213114754 -0.6363636363636362 -0.5517241379310346 -0.4444444444444445 -0.3527272727272727 -0.5076923076923077 -2.736842105263158 4.833333333333333 1.72 0.84 -4.181818181818182 -0.38983050847457623 -1.3291139240506329 12.666666666666668 2.1641791044776117 -4.333333333333334 -0.15492957746478875 -0.3913043478260869 -0.7377049180327869 2.9499999999999997 1.156521739130435 -16.0 0.25233644859813087 0.7571428571428572 0.7790697674418605 0.5208333333333334 1.8571428571428572 0.9404761904761906 0.8227848101265822 -5.0 -0.20231213872832368 0.043478260869565216 0.1262135922330097 -7.571428571428571 -5.2 -3.5 -0.712 -0.23809523809523808 1.3333333333333333 2.5172413793103448 0.8133333333333334 1.2564102564102564 0.015873015873015872 0.3846153846153846 0.1910112359550562 1.4864864864864866
1.1194029850746268 -2.2068965517241383 -1.2241379310344829 139.0 5.083333333333333 -0.96875 -1.3478260869565217 1.736842105263158 24.5 -105.0 -3.2758620689655173 -1.5161290322580645 -2.666666666666667 -3.72 -6.88235294117647 30.0 7.8 8.285714285714285 14.249999999999998 6.333333333333333 1.4444444444444446 -2.0 3.7500000000000004 -23.799999999999997 26.5 1.8684210526315788 2.7575757575757573 -2.9615384615384617 -13.75 1.3777777777777778 -157.0 2.6727272727272724 1.2857142857142856 2.754385964912281 2.9607843137254903 3.9375 0 0.11392405063291139 0.47826086956521735 0.3920704845814978 0.2916666666666667 0.0 0.41025641025641024 0.40314136125654454 1.741935483870968 -1.1095890410958904 0.08771929824561404 -0.1774193548387097 0.3626373626373626 1.303030303030303 1.1777777777777778 4.25
-3.777777777777778 5.333333333333334 -0.30434782608695654 -0.7345132743362832 -2.15 0.625 -0.2815533980582524 5.2 0.33962264150943394 0.8181818181818182 0.5652173913043478 0.16981132075471697 0.9259259259259258 -0.7192982456140351 -1.0 2.5675675675675675 1.0 2.523809523809524 21.0 -0.52 -0.125 0.02857142857142857 1.352941176470588 3.4150943396226414 2.915492957746479 1.386206896551724 0.9743589743589743 0.3939393939393939 1.6341463414634148 -3.4166666666666665 3.2439024390243905 0.5829787234042554 1.0521739130434784 -0.2962962962962963 0.16853932584269662 0.03333333333333333 -0.7704918032786885 1.352941176470588 0.7142857142857143 0.3246753246753247 0.18248175182481752 0.24444444444444444 0.6 1.4117647058823528 1.7246376811594204 10.176470588235293 -3.3389830508474576 -1.9756097560975612 -4.07142857142857 6.555555555555555 -1.9655172413793103 -0.7538461538461538
0.48717948717948717 0.22088353413654618 0.546218487394958 0.9756097560975611 0.6865671641791045 0.5245901639344263 -0.28125 4.142857142857143 0.5806451612903225 0.163265306122449 0.1842105263157895 0.7027027027027027 1.6086956521739129 1.6923076923076923 1.25 2.58974358974359 4.666666666666667 0.6666666666666667 -2.0 -3.545454545454545 -5.777777777777779 0.43157894736842106 0.2336448598130841 0.8857142857142858 -0.5737704918032787 -1.0 0.6785714285714285 0.736842105263158 0.049999999999999996 0.125 -0.6734693877551021 1.4499999999999997 2.9999999999999996 -0.8787878787878787 0.7551020408163265 0.9701492537313433 1.4102564102564104 2.2542372881355934 2.714285714285714 1.0666666666666667 1.3636363636363635 1.150943396226415 1.0133333333333334 1.2 2.064935064935065 3.333333333333333 4.2142857142857135 1.92 0.9062499999999999 0.23076923076923075 1.8421052631578947 0.392
-0.29333333333333333 -1.2 -0.8389261744966443 -0.9677419354838709 -0.12280701754385964 0.01694915254237288 0.13089005235602094 0.05454545454545454 0.16666666666666669 -0.007751937984496124 -0.02834008097165992 -0.45631067961165045 2.1724137931034484 1.0718562874251498 2.409090909090909 0.2333333333333333 0.4807692307692307 0.46969696969696967 0.29411764705882354 0.25233644859813087 0.027272727272727268 -0.09677419354838711 -0.03286384976525822 0.6296296296296297 0.0818181818181818 0.12244897959183673 -0.04516129032258065 -4.2 0 0 0 0 0 0 0 0 0 0 0 0 0 0 0 0 0 -0.11894273127753305 10.0 0.25742574257425743 0.10407239819004525 -1.25 0.5376884422110553 0.6835443037974683
0 0 0 0 0 0 0 0 0 0 0 0 0 0 0 0 0 0 0 0 0 0 0 0 0 0 0 0 0 0 0 0 0 -0.0909090909090909 -0.31818181818181823 -1.1481481481481481 -5.5 -2.88 -1.9397590361445785 -1.52 -3.333333333333333 -25.666666666666668 3.036363636363636 1.961038961038961 1.8679245283018866 5.4 -0.08737864077669902 -0.4124293785310734 -0.6923076923076923 -0.7083333333333334 -0.3442622950819672 -0.5242290748898678
-0.1869918699186992 -0.4059405940594059 -1.7857142857142856 0.4059405940594059 0.26174496644295303 0.8611111111111112 -0.7090909090909091 -0.3218884120171674 -0.36054421768707484 -0.10569105691056911 -0.2035398230088496 0.8378378378378378 -1.1777777777777778 -20.333333333333332 -0.36986301369863017 -0.6703296703296703 -0.5630252100840337 -0.3466666666666667 -0.15853658536585366 -0.4166666666666667 0 0 0 0 0 0 0 0 0 0 0 0 0 0 0 0 0 0 0 0 0 0 0 0 0 0 0 0 0 0 0 0
-0.051546391752577324 0.9459459459459459 1.0 0.6859504132231404 1.8196721311475412 -2.16 -1.3846153846153846 -1.5 4.714285714285714 2.533333333333333 6.793103448275862 -2.6666666666666665 -0.19402985074626866 1.9285714285714286 -53.0 1.777777777777778 1.1346153846153846 -1.25 0.1016042780748663 0.07070707070707072 -0.8214285714285714 1.8070175438596494 3.733333333333334 4.666666666666667 -1.0588235294117645 -1.0566037735849056 -1.1983471074380165 -17.285714285714285 0.45283018867924524 -0.1724137931034483 2.217391304347826 0.5932203389830508 0.9238095238095237 5.0 -4.083333333333333 1.2417582417582416 0.8352941176470589 0.01694915254237288 0.059602649006622516 -0.08433734939759037 0.42028985507246375 0.3974358974358974 0.2713178294573643 -0.10810810810810811 -0.037037037037037035 -0.03553299492385787 -0.009009009009009009 -0.11111111111111112 -0.163265306122449 -0.3533834586466165 -0.4311926605504587 -1.9473684210526316
-1.0363636363636362 -0.24742268041237114 -0.37037037037037035 -0.21739130434782608 -0.43902439024390244 -0.5555555555555556 -0.6363636363636364 -0.4129353233830846 -0.8720000000000001 3.619047619047619 16.2 8.333333333333334 2.25 -0.8260869565217391 -0.05357142857142856 1.8181818181818183 -0.9473684210526315 -0.8723404255319149 2.7 0.2380952380952381 0.3 0.3763440860215053 0.5533980582524272 1.0727272727272725 -1.0 0.36585365853658536 0.5934959349593496 0.5764705882352941 0.3222222222222222 -67.0 1.058139534883721 1.625 -3.764705882352941 -1.1505376344086022 -0.7352941176470588 -0.3513513513513513 -0.0784313725490196 -0.2746113989637306 -0.09821428571428571 0.3277310924369748 0.8181818181818182 -2.6097560975609757 -0.6190476190476191 -0.4489795918367347 -0.2830188679245283 -2.625 -1.4545454545454546 0.5056179775280899 0.9000000000000001 1.4691358024691357 3.125 1.2222222222222223
0.5463917525773196 1.5925925925925926 0.12396694214876033 0.3411764705882353 0.5333333333333333 1.9473684210526316 0.09090909090909091 0.40740740740740744 0.5683453237410072 0.9142857142857144 -0.2549019607843137 0.27007299270072993 1.5 1.3373493975903616 0.9529411764705883 0.07547169811320754 -0.8260869565217391 1.7931034482758623 1.7173913043478262 1.72 3.9473684210526314 -2.444444444444444 -1.72 -6.037037037037036 4.1020408163265305 2.411764705882353 2.534246575342466 0 -10.5 3.4210526315789473 2.8518518518518516 4.888888888888889 6.76 3.3636363636363638 1.8450704225352115 1.1894736842105262 1.2758620689655173 1.783783783783784 3.0851063829787235 2.7083333333333335 1.72 0.6923076923076923 -0.2888888888888889 1.0 0.717948717948718 1.2258064516129032 1.2253521126760565 1.0810810810810811 0.6071428571428571 -1.923076923076923 -0.1229946524064171 -0.16831683168316833
