.ipynb_checkpoints/aspect-checkpoint.asc
ncols            344
nrows            393
xllcorner     37393081.8093
yllcorner     4168011.4434
cellsize          50
NODATA_value      0
[rows 276 to 298 of 393, columns 52 to 103 of 344]
-2.0526315789473686 0.6842105263157895 1.4827586206896552 -3.380952380952381 -4.6 0.6056338028169014 0.3066666666666667 -0.24 -0.40909090909090906 0.1724137931034483 0.8039215686274509 0.653061224489796 0.6551724137931035 0.59375 0.4936708860759494 0.7090909090909091 0.6829268292682927 0.7172774869109948 0.6071428571428572 -0.15151515151515152 1.156862745098039 0.8974358974358976 -0.37931034482758624 -0.3972602739726027 1.96 -0.3783783783783784 0.21142857142857144 1.4745762711864407 0.8686868686868687 6.0 -0.5545023696682464 -0.43915343915343913 -2.1999999999999997 -1.434782608695652 -1.1694915254237288 -0.15 1.5945945945945945 1.517241379310345 2.65 2.86046511627907 2.36231884057971 5.0 3.0 1.1415929203539825 0.7619047619047619 1.6285714285714286 1.0689655172413794 2.017543859649123 1.205607476635514 0.762962962962963 0.42857142857142855 -8.666666666666668
-1.5714285714285716 -0.7037037037037036 -2.058823529411765 20.09090909090909 3.0547945205479454 2.1685393258426964 4.2727272727272725 -13.857142857142856 5.857142857142856 -1.7868852459016396 -1.4634146341463414 0.7999999999999999 0.1509433962264151 0.4579439252336448 0.6432432432432432 1.0757575757575757 1.206896551724138 1.2 -0.9047619047619048 -4.2142857142857135 4.3 1.7254901960784315 1.711111111111111 -2.787234042553192 -2.7391304347826084 3.511627906976744 2.552631578947368 3.456140350877193 6.363636363636363 3.8 1.0674157303370786 0.7142857142857143 0.8350515463917526 0.6052631578947368 0.33333333333333337 0.35714285714285715 0.411764705882353 0.2631578947368421 -0.14285714285714285 1.6666666666666667 0.4468085106382979 0.020134228187919462 -0.10769230769230768 -0.21052631578947367 -0.1111111111111111 -0.38211382113821135 -0.7755102040816326 3.857142857142857 -0.8421052631578947 -9.363636363636363 -3.0588235294117645 -1.5846153846153845
-4.714285714285714 2.372549019607843 2.0638297872340425 1.4516129032258065 1.0666666666666667 0.7343749999999999 0.009900990099009901 1.8235294117647058 5.666666666666667 -6.083333333333333 -7.9523809523809526 -1.4383561643835618 -0.12195121951219513 -1.0344827586206897 -0.857142857142857 -3.047619047619048 -9.444444444444445 -1.8688524590163933 -1.496969696969697 -2.8333333333333335 10.333333333333334 2.782608695652174 1.9375 1.202247191011236 0.26436781609195403 -0.9565217391304347 -1.0683760683760684 -0.48387096774193544 1.424242424242424 -3.8387096774193545 -3.0784313725490198 -2.787878787878788 -13.923076923076923 10.294117647058822 3.566037735849056 1.7872340425531916 1.2857142857142856 11.666666666666666 -4.083333333333333 -38.33333333333333 -14.000000000000002 -2.7777777777777777 -2.3684210526315788 -3.7857142857142856 -2.1875 -2.3157894736842106 -8.043478260869565 1.1592920353982303 0.41843971631205673 -0.9166666666666667 -0.163265306122449 -0.5739644970414202
0 0 0 0 0 0 0 0 0 0 0 0 0 0 0 0 0 0.3948717948717949 0.5094339622641509 0.30434782608695654 3.0 -0.7433155080213902 -0.7835051546391752 -9.470588235294118 4.2631578947368425 -1.0 -0.07096774193548387 -2.7894736842105265 -0.7419354838709676 -0.7517241379310345 0.3157894736842105 1.2823529411764707 1.0840336134453783 -59.66666666666667 5.684210526315789 65.66666666666667 -4.365853658536586 5.551724137931036 1.1904761904761905 0.6761904761904761 0.5531914893617021 14.000000000000002 -5.9375 -9.347826086956522 -11.117647058823527 -9.75 -2.625 -16.666666666666668 -16.2 6.7142857142857135 0.20481927710843376 -0.24324324324324323
0 0 0 0 0 0 0 0 0 0 0 0 0 0 0 0 0 0 0 0 0 0 0 0 0 0 0 0 0 0 0 0 0 0 0 0 0 0 0 0 0 0 0 0 0 0 0 0 0 0 0 0
0 0 0 0 0 0 0 0 0 0 0 0 0 0 0 0 0 0 0 0 0 0 0 0 0 0 0 0 0 0 0 0 0 0 0 0 0 0 0 0 0 0 0 0 0 0 0 0 0 0 0 0
0 0 0 0 0 0 0 0 0 0 0 0 0 0 0 0 0 0 0 0 0 0 0 0 0 0 0 0 0 0 0 0 0 0 0 0 0 0 0 0 0 0 0 0 0 0 0 0 0 0 0 0
-0.5769230769230769 -0.6533333333333333 1.575 1.101010101010101 -0.4805194805194805 0.038674033149171276 0.3333333333333333 0.65 0.38461538461538464 0.04166666666666667 0.23333333333333336 0.03539823008849558 0.058823529411764705 -32.0 -2.4285714285714284 1.7868852459016396 3.0625 4.0 1.385321100917431 1.4672897196261683 1.9743589743589742 1.90625 -2.266666666666667 -3.909090909090909 2.022222222222222 143.0 3.4999999999999996 -0.0 1.2318840579710146 1.8955223880597014 -1.9777777777777779 0 0 0 0 0 0 0 0 0 0 0 0 0 0 0 0 0 0 0 0 0
3.888888888888889 -1.5625 -1.2857142857142858 0.7777777777777778 0.5517241379310346 0.6434108527131782 0.8588235294117647 5.363636363636363 5.500000000000001 0.9523809523809524 0.33333333333333337 -0.022222222222222223 -0.2758620689655173 -1.5714285714285714 3.4166666666666665 -0.15555555555555556 0.3435114503816794 -0.3333333333333333 1.148936170212766 0.6862745098039215 0.5757575757575757 0.665024630541872 0.6507936507936508 -3.3636363636363638 5.064516129032258 -1.2115384615384615 -0.9047619047619048 -1.0 -0.8775510204081632 0.14685314685314685 0.9696969696969697 2.6164383561643834 9.799999999999999 -3.105263157894737 -3.5714285714285716 1.3055555555555556 1.4761904761904763 1.2474226804123711 5.947368421052631 3.473684210526316 1.1176470588235294 3.705882352941176 -11.000000000000002 1.7096774193548387 1.4090909090909092 1.1041666666666667 0.589041095890411 4.333333333333334 1.196078431372549 3.782608695652174 -0.3543307086614173 -101.0
2.707317073170732 7.111111111111112 1.142857142857143 0.41975308641975306 3.25 -0.2692307692307692 -0.4342105263157895 -0.3728813559322034 -0.47727272727272724 -0.7021276595744682 -0.44 -0.7808219178082191 -1.7499999999999998 -3.5862068965517246 -1.2564102564102564 -3.2 -16.2 -1.7333333333333334 1.4848484848484849 -0.8947368421052633 0.07462686567164178 1.0208333333333333 1.1037037037037036 0.8415841584158416 -0.8750000000000001 -1.6753246753246753 -1.4390243902439024 -1.103896103896104 -1.2237762237762237 -6.2 2.5223880597014925 -7.6 -9.555555555555555 2.1176470588235294 2.238095238095238 2.3563218390804597 1.2037037037037037 0.726027397260274 0.6428571428571428 0.625 0.6 0.23636363636363636 0.14035087719298248 -0.24137931034482762 -0.435483870967742 -0.35384615384615387 -2.142857142857143 2.526315789473684 1.8148148148148147 3.488888888888889 7.2666666666666675 5.799999999999999
-0.6 -0.620253164556962 -0.6052631578947368 -0.5675675675675675 -1.0 -1.424242424242424 -1.0952380952380953 -0.8410596026490066 -0.943661971830986 -1.0919540229885056 1.7272727272727273 -2.4444444444444446 2.884057971014493 52.99999999999999 -12.636363636363635 0 -2.939393939393939 -1.349514563106796 -1.0 -0.8596491228070176 -0.3722627737226277 -0.2647058823529411 -0.6989247311827956 -1.8505747126436782 2.964285714285714 -1.5098039215686274 -0.0 -0.05405405405405406 -0.4923076923076923 12.75 0.7166666666666667 0.40939597315436244 0.14285714285714285 0.06766917293233082 -0.40425531914893614 -0.5391705069124424 -1.4842105263157894 -1.136752136752137 -0.8504672897196262 -0.38461538461538464 -0.8441558441558442 -0.2857142857142857 0.012499999999999999 0.16853932584269662 0.09090909090909091 0.7538461538461538 -4.826086956521739 -2.148148148148148 -2.111111111111111 -4.555555555555555 -1.205128205128205 -0.632
0 0 0 0 0 0 0 0 0 0 0 0 0 0 0 0 0 0 0 0 0 0 0 0 0 0 0 1.8297872340425532 2.727272727272727 -7.137931034482759 -10.80952380952381 7.580645161290323 4.07142857142857 2.7464788732394365 2.258064516129032 3.466666666666667 10.0 -14.499999999999998 -3.3555555555555556 5.909090909090909 0.5901639344262295 0.3731343283582089 0 -0.5970149253731343 -1.4657534246575343 3.628571428571429 -2.0 0.15 0.09375 -0.4049586776859504 -1.08 -1.0952380952380953
0 0 0 0 0 0 0 0 0 0 0 0 0 0 0 0 0 0 0 0 0 0 0 0 0 0 0 0 0 0 0 0 0 0 0 0 0 0 0 0 0 0 0 0 0 0 0 0 0 0 0 0
0 0 0 0 0 0 0 0 0 0 0 0 0 0 0 0 0 0 0 0 0 0 0 0 0 0 0 0 0 0 0 0 0 0 0 0 0 0 0 0 0 0 0 0 0 0 0 0 0 0 0 0
0 0 0 0 0 0 0 0 0 0 0 0 0 0 0 0 0 0 0 0 0 0 0 0 0 0 0 0 0 0 0 0 0 0 0 0 0 0 0 0 0 0 0 0 0 0 0 0 0 0 0 0
-0.2727272727272727 0.728395061728395 -32.0 0.2601156069364162 0.44943820224719105 0.5247524752475248 6.333333333333334 -0.23076923076923075 -0.11538461538461538 0.4035087719298246 1.0869565217391306 4.578947368421052 4.155555555555556 2.1392405063291138 1.6373626373626373 1.9736842105263157 8.0 1.4705882352941175 0.7254901960784313 0.19999999999999998 20.333333333333332 9.533333333333333 3.7234042553191493 2.0277777777777777 -5.111111111111112 -0.6235294117647059 -0.6774193548387096 0 0 0 0 0 0 0 0 0 0 0 0 0 0 0 0 0 0 0 0 0 0 0 0 0
-0.5 -0.45098039215686275 -0.9191919191919192 -1.44 -0.8823529411764706 -0.46666666666666673 -2.125 2.44 0.6410256410256411 0.9 -0.8 0.12217194570135748 0.06474820143884892 0.6347826086956522 0.52 0.8055555555555556 0.12820512820512822 0.5087719298245614 0.42148760330578516 0.013698630136986302 22.333333333333336 -1.0680272108843538 -1.9375 0.1111111111111111 0.9733333333333333 5.699999999999999 2.8297872340425534 4.485714285714286 1.9275362318840583 0.8072289156626506 0.41818181818181815 0.41463414634146345 0.41007194244604317 -0.038461538461538464 6.333333333333334 2.5 -9.5 -0.35000000000000003 -0.30158730158730157 2.4545454545454546 0.6875 0.4285714285714286 0.4117647058823529 0.5 -0.25 1.7605633802816902 1.08955223880597 -9.666666666666666 0.2964824120603015 0.30526315789473685 1.2153846153846155 1.091743119266055
-0.20512820512820512 -0.48717948717948717 -0.1272727272727273 -0.28695652173913044 -0.4615384615384615 -1.5142857142857145 -1.3214285714285714 -0.05521472392638037 -0.12217194570135748 -1.4819277108433735 4.348837209302326 7.23076923076923 -3.0606060606060606 -0.09333333333333334 -0.4961832061068702 2.727272727272727 -0.2765957446808511 1.1395348837209303 0.7175141242937854 0.5263157894736842 -3.0 -0.5444444444444444 -77.0 1.6875000000000002 -0.7313432835820894 0.4523809523809524 0.9183673469387755 0.25806451612903225 -13.666666666666666 1.407766990291262 0.9757575757575758 0.8650306748466258 0.5542857142857143 73.0 -0.7106918238993709 -4.641025641025641 2.710526315789474 1.2162162162162162 0.7740112994350283 0.5675675675675675 0.46428571428571425 0 0 0.9090909090909092 0.21153846153846154 -0.11650485436893203 -0.25 -1.2352941176470587 -0.6263736263736263 0.8947368421052632 -0.10000000000000002 0.3529411764705882
-0.2298850574712644 0.016666666666666666 -0.2285714285714286 0.24848484848484848 2.821428571428571 1.609375 -53.66666666666667 -0.7238095238095238 -1.9620253164556962 1.2222222222222223 -0.008695652173913044 -1.037037037037037 -1.4102564102564104 0.31818181818181823 2.174603174603175 4.291666666666667 1.4166666666666667 0.20833333333333334 0.6551724137931035 -0.4716981132075471 0.5402298850574713 0.767123287671233 0.927007299270073 2.2835820895522385 10.714285714285714 1.0 -1.3333333333333333 4.555555555555555 -0.752808988764045 -2.545454545454546 0.5172413793103449 0.42965779467680604 1.6363636363636362 -0.07547169811320754 0.025641025641025644 0.0196078431372549 -0.32584269662921345 -0.2840466926070039 -0.40096618357487923 -0.14705882352941177 -5.823529411764706 1.9811320754716981 -1.1904761904761905 0.05982905982905984 0.018867924528301886 0.03816793893129771 3.4444444444444446 -0.28169014084507044 -0.05365853658536586 -0.10416666666666667 -1.5555555555555554 -2.4358974358974357
0 0 0 0 0 0 0 0 0 0 0 0 0 0 0 0 0 0 0 0 0 0 0 0 0 0 0 0 0.08 0.12149532710280374 0.2125984251968504 0.03773584905660377 -2.3636363636363638 51.0 2.1935483870967745 1.3503649635036497 0 -1.425196850393701 -2.857142857142857 -8.62962962962963 -3.915254237288136 -2.096774193548387 -1.0161290322580645 0.02564102564102564 -1.2622950819672132 -5.666666666666667 0.8823529411764705 0.12056737588652484 0.4117647058823529 1.1451612903225805 2.103448275862069 -3.7500000000000004
0 0 0 0 0 0 0 0 0 0 0 0 0 0 0 0 0 0 0 0 0 0 0 0 0 0 0 0 0 0 0 0 0 0 0 0 0 0 0 0 0 0 0 0 0 0 0 0 0 0 0 0
0 0 0 0 0 0 0 0 0 0 0 0 0 0 0 0 0 0 0 0 0 0 0 0 0 0 0 0 0 0 0 0 0 0 0 0 0 0 0 0 0 0 0 0 0 0 0 0 0 0 0 0
0 0 0 0 0 0 0 0 0 0 0 0 0 0 0 0 0 0 0 0 0 0 0 0 0 0 0 0 0 0 0 0 0 0 0 0 0 0 0 0 0 0 0 0 0 0 0 0 0 0 0 0
