.ipynb_checkpoints/aspect-checkpoint.asc
ncols            344
nrows            393
xllcorner     37393081.8093
yllcorner     4168011.4434
cellsize          50
NODATA_value      0
[rows 138 to 160 of 393, columns 208 to 259 of 344]
31.0 4.0 2.4583333333333335 0.3863636363636364 -0.17880794701986755 -0.1904761904761905 0.1864406779661017 0.4090909090909091 0.30909090909090914 -0.5957446808510639 13.0 2.864864864864865 1.5314685314685315 2.1683168316831685 6.8181818181818175 -6.085714285714285 -2.212121212121212 0.4487179487179487 0.20863309352517986 -0.13333333333333333 -0.17972350230414746 -0.48648648648648646 -1.769230769230769 51.0 4.222222222222222 0.6538461538461539 0.0625 0.018633540372670804 -2.222222222222222 -1.9245283018867925 -3.03448275862069 -5.416666666666667 4.241379310344827 1.4444444444444446 0.23976608187134502 0.19540229885057472 -4.666666666666667 2.5172413793103448 65.0 -8.75 2.1111111111111107 3.4 13.0 0.5135135135135135 0.26666666666666666 -1.6363636363636362 -0.6692913385826771 -2.1 1.6666666666666667 0.9603960396039604 0.7826086956521738 1.0930232558139534
0.07216494845360825 0.09473684210526316 -0.4888888888888889 -2.375 1.125 0.5609756097560975 0.546218487394958 0.16778523489932887 0.07692307692307693 -0.5789473684210527 -1.0763358778625953 13.363636363636363 1.6666666666666667 0.48275862068965525 0.6538461538461539 -0.49019607843137253 -0.3297297297297297 -0.11111111111111112 2.6363636363636362 0.11864406779661019 0.05263157894736842 0.15 0.2857142857142857 0.12903225806451613 0.5081967213114754 -36.333333333333336 -1.6440677966101696 0.717391304347826 0.2380952380952381 0.3722627737226277 2.1063829787234045 2.806451612903226 0.0819672131147541 -0.7954545454545454 -0.4942528735632184 -0.0625 -0.6981132075471699 -0.6808510638297873 -0.5448275862068966 0.0625 -7.000000000000001 -5.0606060606060606 -1.4324324324324325 -0.7590361445783133 -0.19999999999999998 -3.1304347826086953 -5.1499999999999995 -0.9512195121951219 -0.2549019607843137 -2.1891891891891895 1.7719298245614037 0.5263157894736842
1.21875 1.1346153846153846 0.24 -0.10958904109589042 -0.04761904761904762 -0.13043478260869565 -0.14970059880239522 0.5625 0.6116504854368932 -1.1153846153846152 0.325 0.010526315789473686 -1.2285714285714286 0.9099099099099098 0.8060606060606061 0.7122302158273381 -1.6666666666666667 1.1944444444444444 -1.3076923076923077 2.6 0.6335877862595419 -6.230769230769231 -0.8383838383838383 -2.885714285714286 12.555555555555555 0 -3.0 -0.14285714285714288 0.10989010989010989 -0.10294117647058824 -1.368421052631579 -0.5555555555555556 -0.4716981132075471 -0.6028368794326241 5.296296296296296 1.8148148148148147 2.3255813953488373 4.777777777777778 -1.6181818181818182 -1.4743589743589742 -4.754385964912281 -6.794871794871795 -4.909090909090909 2.6470588235294117 0.27999999999999997 0.075 -0.35714285714285715 -0.5180722891566265 -5.874999999999999 -1.2352941176470587 0.1752577319587629 0.4234234234234234
0 0 0 0 0 0 0 0 0 0 0 0 0 0 0 0 0 0 0 0 0 0 0 0 0 0.42635658914728686 -0.13636363636363635 -0.1904761904761905 2.4545454545454546 -2.8518518518518516 -1.5316455696202531 0.5609756097560976 -0.39181286549707606 -0.308411214953271 -1.0980392156862746 -1.0927152317880795 -1.0879120879120878 -1.0 -1.8235294117647058 -0.5862068965517242 -0.5046728971962617 -0.8235294117647058 -3.1538461538461537 -79.0 2.323076923076923 1.1818181818181819 3.2857142857142856 1.1904761904761905 -1.5925925925925926 -1.25 0.19708029197080293 0.05607476635514018
0 0 0 0 0 0 0 0 0 0 0 0 0 0 0 0 0 0 0 0 0 0 0 0 0 0 0 0 0 0 0 0 0 0 0 0 0 0 0 0 0 0 0 0 0 0 0 0 0 0 0 0
0.01282051282051282 -0.18072289156626506 -1.5116279069767442 -0.7826086956521738 -0.296 -0.3137254901960784 0.06329113924050633 -0.29591836734693877 -0.8055555555555556 1.0 -4.777777777777778 -13.666666666666668 -1.2702702702702702 -0.9152542372881357 -1.774193548387097 0.5652173913043478 -0.375 -11.799999999999999 -0.9736842105263158 0.009900990099009901 0.5510204081632654 1.1132075471698113 3.5333333333333337 0.6060606060606061 0.26881720430107525 0 0 0 0 0 0 0 0 0 0 0 0 0 0 0 0 0 0 0 0 0 0 0 0 0 0 0
-0.16853932584269662 -2.027027027027027 2.3499999999999996 1.827586206896552 3.2857142857142856 1.2564102564102564 0.9625 0.7041420118343196 -0.6842105263157895 -1.2025316455696202 0.5333333333333333 -0.025 10.0 0.18556701030927836 0.0909090909090909 0.0392156862745098 -0.2037037037037037 -0.6302521008403361 -3.903225806451613 -5.476190476190476 -2.6842105263157894 0.6226415094339622 0.8512396694214877 0.793103448275862 0.7866666666666666 0.35064935064935066 2.5882352941176467 1.3617021276595747 -4.714285714285714 0.22580645161290325 -0.21348314606741572 -0.1 -0.5666666666666668 1.8387096774193548 0.7037037037037037 5.0 0.11688311688311688 -0.03546099290780142 -0.8823529411764705 -0.05405405405405406 -0.22330097087378642 -1.4999999999999998 1.0 0.17241379310344826 -0.35384615384615387 1.16 0.5588235294117647 1.021505376344086 -3.0000000000000004 -0.5869565217391305 0.7460317460317459 1.0253164556962024
4.999999999999999 5.190476190476191 2.230769230769231 -1.021505376344086 -3.0571428571428574 1.119047619047619 0.7027027027027027 0.7435897435897435 0.9655172413793105 0.8260869565217391 0.7142857142857143 0.8620689655172414 0.865546218487395 2.4 -7.857142857142857 2.769230769230769 0.6896551724137931 1.051282051282051 1.1818181818181817 0 -0.1566265060240964 -0.06060606060606061 -0.1826086956521739 -4.0 0.14754098360655737 0.25888324873096447 0.2698412698412699 0.2 0.15 0.29896907216494845 0.18828451882845187 0.07317073170731707 0.3 8.166666666666666 -0.8224852071005917 -0.5934959349593496 -0.2765957446808511 -0.1940298507462687 0.25 1.3582089552238805 1.3750000000000002 15.88888888888889 5.153846153846154 1.8124999999999998 1.6461538461538463 1.417910447761194 1.0377358490566038 -0.2631578947368421 1.1904761904761905 0.338235294117647 -0.020408163265306124 83.0
0.3975903614457832 0.40444444444444444 0.37440758293838866 0.2765957446808511 0.4545454545454546 0.1297709923664122 -0.265625 -0.7410071942446044 -0.8311688311688311 -2.1384615384615384 2.9166666666666665 1.0347826086956522 0.6526946107784432 0.7565217391304349 0.5454545454545454 0.33333333333333337 -0.6451612903225807 -0.3160621761658031 -3.571428571428571 0.6823529411764706 0.6571428571428573 0.5 0.5165876777251186 0.41721854304635764 0.48387096774193544 0.4157303370786517 0.36363636363636365 -3.2222222222222223 -0.5267175572519084 -3.857142857142857 -0.0 -0.1875 0.6767676767676768 -34.0 3.0408163265306123 1.0 0.05 0.2 0.0819672131147541 0.38345864661654133 0.5492957746478874 0.6304347826086956 0.8554216867469879 -1.619718309859155 -1.107142857142857 -0.2932330827067669 -0.4096385542168675 0.08433734939759037 -4.448275862068966 -7.260869565217391 2.321428571428571 21.285714285714285
-0.7113402061855669 -0.35555555555555557 0.05617977528089888 -3.4 0.9384615384615385 0.9444444444444444 1.0769230769230769 -0.6888888888888889 -0.18181818181818182 -0.24 0.07692307692307693 0.38235294117647056 0.4571428571428572 1.7500000000000002 0.06849315068493152 0.5263157894736842 -85.0 -7.833333333333333 1.7567567567567568 -2.4 -0.14285714285714288 -0.5806451612903225 20.5 2.2758620689655173 2.8095238095238093 -2.5333333333333337 -2.5 -0.06666666666666667 0.2967032967032967 0.10743801652892562 0.02158273381294964 0.34285714285714286 -1.3278688524590165 -1.4615384615384615 -1.277777777777778 -1.5263157894736843 -3.888888888888889 -0.7999999999999999 -0.3184357541899441 -0.915492957746479 0.9047619047619047 0.616580310880829 0.6878612716763005 2.1304347826086953 0.33766233766233766 0.5266272189349113 0.5918367346938775 0.8730158730158731 2.5999999999999996 -0.6179775280898877 0.11 0.2385321100917431
-0.5 -0.3877551020408163 -4.2631578947368425 -4.6923076923076925 2.0123456790123453 0.9759036144578315 1.0 1.375 -13.0 1.0540540540540542 0.7407407407407407 3.5384615384615383 -0.4328358208955223 0.09433962264150944 0.0 2.3636363636363638 -4.777777777777778 -0.8472222222222222 -0.29770992366412213 -2.6363636363636362 -1.7076923076923078 -2.1186440677966103 1.7524752475247525 1.0689655172413794 0.24302788844621515 0.43697478991596644 0.5818181818181818 -0.21052631578947367 0.21568627450980393 0.43243243243243246 -0.8181818181818181 -1.0555555555555556 1.1758241758241759 0.6310679611650486 0.723404255319149 -0.015873015873015872 -0.3463414634146342 -0.6565656565656566 -0.7647058823529412 1.1886792452830188 0.4153846153846154 0.4107142857142857 0.48760330578512395 0.25287356321839083 0.015384615384615384 0.39999999999999997 -0.6666666666666666 -0.2967032967032967 -0.4891304347826087 -1.4000000000000001 -1.7894736842105263 -0.5
0 0 0 0 0 0 0 0 0 0 0 0 0 0 0 0 0 0 0 0 0 0 0 0 0 0 29.666666666666668 -0.9470198675496688 -1.5319148936170213 2.9444444444444446 2.227272727272727 -1.8571428571428572 -0.5555555555555556 -1.5714285714285714 -1.1415929203539825 -0.7751479289940829 -0.7323943661971831 0.12 -0.33333333333333337 -0.5599999999999999 -1.2571428571428573 7.857142857142857 0.14473684210526316 -0.07462686567164178 -26.0 0.65 0.3090909090909091 0.07692307692307693 0.2148148148148148 0.3333333333333333 2.4693877551020407 -1.4366197183098592
0 0 0 0 0 0 0 0 0 0 0 0 0 0 0 0 0 0 0 0 0 0 0 0 0 0 0 0 0 0 0 0 0 0 0 0 0 0 0 0 0 0 0 0 0 0 0 0 0 0 0 0
-0.7435897435897436 0.411764705882353 0.03482587064676618 0.2638888888888889 0.5652173913043478 0.19191919191919193 0.29411764705882354 1.588235294117647 -0.03797468354430379 -2.4210526315789473 13.666666666666666 1.8623853211009171 1.3310344827586207 2.8461538461538463 -0.9259259259259258 -0.15151515151515152 -0.726027397260274 -54.0 2.1052631578947367 1.902439024390244 -0.7857142857142857 0.6258992805755396 1.7 1.6461538461538463 0.5764705882352941 0 0 0 0 0 0 0 0 0 0 0 0 0 0 0 0 0 0 0 0 0 0 0 0 0 0 0
-2.535714285714285 -24.2 2.6153846153846154 0.125 0.4255319148936171 0.38888888888888895 0.7938144329896908 0.7802197802197801 1.12 0.58 0.524390243902439 0.17808219178082194 -0.3739130434782609 -0.5802469135802468 0.058823529411764705 -0.014492753623188408 1.16 0.8421052631578948 0.9478260869565219 -3.5128205128205128 -1.806451612903226 0.10843373493975904 -0.5555555555555555 -1.2105263157894737 -2.125 3.727272727272727 1.3773584905660377 1.027027027027027 -16.2 -2.066666666666667 2.142857142857143 1.3544303797468356 0.3191489361702128 0.6363636363636365 0.44859813084112143 -0.288135593220339 1.0 -0.1596638655462185 -0.23255813953488375 -0.09090909090909091 -0.06542056074766356 -0.5483870967741936 0.8095238095238096 0.7142857142857143 0.6829268292682927 0.4303030303030303 0.2826086956521739 -2.5833333333333335 -0.9368421052631579 0.22222222222222224 -0.7798165137614678 -0.3642384105960265
2.2972972972972974 -0.6507936507936507 0.45599999999999996 3.611111111111111 3.4 -7.0 -0.6831683168316831 2.7647058823529407 1.0970873786407767 1.2682926829268293 1.7868852459016396 2.0508474576271185 2.7333333333333334 2.033333333333333 2.381818181818182 2.7037037037037033 2.154929577464789 1.6304347826086956 1.115702479338843 0.9574468085106383 1.0 1.5185185185185184 -6.0 -0.7647058823529411 0.3846153846153846 0.2349726775956284 0.2296296296296296 -0.4457831325301205 3.2307692307692304 0.6463414634146342 -2.2083333333333335 -0.5467980295566504 -0.5337423312883436 0.8028169014084506 0.752808988764045 2.1578947368421053 -0.1724137931034483 -0.2758620689655173 -0.2705882352941177 -0.07692307692307691 0.3913043478260869 0 2.857142857142857 3.5384615384615383 6.333333333333333 5.608695652173913 -1.8196721311475412 -3.2424242424242427 10.0 -2.09375 3.388888888888889 0.6666666666666667
-0.4328358208955223 -0.11363636363636365 0.3228346456692913 1.816326530612245 1.625 0.9753086419753086 -0.5319148936170213 0.018518518518518517 -0.021276595744680854 0.125 -1.1052631578947367 -1.0 14.333333333333334 1.2105263157894737 2.5384615384615383 -0.3 0.04 -0.07692307692307693 1.16 0.49019607843137253 -2.2857142857142856 0.01075268817204301 -3.857142857142857 -0.8686131386861313 -0.7432432432432433 -1.2033898305084745 1.1818181818181819 1.6511627906976745 -0.23199999999999998 -0.021739130434782608 0.0625 0.10344827586206896 0.23664122137404578 13.0 -0.47826086956521746 -18.6 33.66666666666667 -17.0 0.9555555555555555 -0.24390243902439027 -0.9090909090909092 0.4035087719298246 0.4027777777777778 0.34146341463414637 -0.368421052631579 -3.3636363636363638 3.260869565217391 0.5714285714285714 0.8928571428571428 4.548387096774193 -17.0 -10.0
-1.5 -1.7586206896551726 -0.9701492537313433 -1.3396226415094339 -1.0 0.02564102564102564 1.2352941176470589 2.135135135135135 -1.2352941176470587 -0.28 -0.36986301369863017 -0.044444444444444446 0.23076923076923075 1.0 -4.0 -0.0 0.5652173913043478 0.1232876712328767 -0.1457286432160804 -0.23300970873786406 -3.5454545454545454 -2.8823529411764706 -1.2499999999999998 -0.4489795918367347 -2.12 0.9841269841269841 0.5384615384615384 -0.654320987654321 -0.64 77.0 0.26153846153846155 0.3962264150943396 0.043478260869565216 -0.19008264462809918 -9.166666666666668 9.000000000000002 3.142857142857143 -14.666666666666668 -0.3125 0.12101910828025478 0.27433628318584075 21.0 -1.173913043478261 0.36 0.7846153846153846 -6.2 -0.3974358974358974 -0.1864406779661017 -2.0476190476190474 -0.6585365853658537 -0.40869565217391307 0.03896103896103896
1.7017543859649125 1.3478260869565217 0.7176470588235294 0.44910179640718567 -0.494949494949495 -9.933333333333334 -11.857142857142856 0.0823529411764706 0.16129032258064518 0.13043478260869565 -0.6923076923076923 -0.5572519083969465 -1.2123893805309736 0.6546762589928058 0.13432835820895522 0.1764705882352941 0.9607843137254901 -3.933333333333333 -12.0 -75.0 26.6 2.8867924528301887 1.2654867256637168 0.7761194029850746 1.2666666666666668 1.44 0.4188034188034188 -0.5510204081632654 2.0 1.5794392523364484 1.6065573770491803 2.6315789473684212 29.666666666666668 1.2222222222222223 -0.017142857142857144 0.9354838709677419 -0.35514018691588783 -0.2774869109947644 0.6703296703296703 0.21153846153846154 -1.2857142857142858 -2.686274509803922 -0.2081218274111675 0.36538461538461536 -2.0 -0.23076923076923075 0.7901234567901234 1.3697478991596639 2.0 1.1777777777777778 1.5714285714285714 1.0
0 0 0 0 0 0 0 0 0 0 0 0 0 0 0 0 0 0 0 0 0 0 0 0 0 0 0 0 0 0.7000000000000001 -21.0 -4.0 0.5789473684210527 0.21428571428571427 0.016129032258064516 -0.3592233009708738 -1.3793103448275863 -2.1304347826086953 -1.8148148148148147 -5.0 -10.4 -0.5813953488372093 0.65625 -8.5 2.4444444444444446 1.3076923076923077 0.3563218390804598 0.5249999999999999 1.3404255319148937 0.6304347826086956 0.16666666666666669 1.4999999999999998
0 0 0 0 0 0 0 0 0 0 0 0 0 0 0 0 0 0 0 0 0 0 0 0 0 0 0 0 0 0 0 0 0 0 0 0 0 0 0 0 0 0 0 0 0 0 0 0 0 0 0 0
-1.1020408163265307 1.184873949579832 1.098360655737705 -0.7251908396946565 -0.7142857142857143 -44.5 2.4782608695652177 1.2340425531914894 1.5000000000000002 -0.01818181818181818 0.15789473684210528 0.2272727272727273 -0.5 -0.2888888888888889 -1.9473684210526316 3.388888888888889 14.111111111111112 3.3783783783783785 1.8923076923076922 3.6000000000000005 1.6428571428571428 1.5555555555555554 0.8904109589041096 0.4716981132075471 0 0 0 0 0 0 0 0 0 0 0 0 0 0 0 0 0 0 0 0 0 0 0 0 0 0 0 0
0.12068965517241381 0.4233128834355828 0.031578947368421054 0.8865248226950355 0.8364779874213837 -0.4939759036144578 0.16521739130434784 0.21176470588235294 -0.4054054054054054 -1.0 -0.2727272727272727 -0.5 -0.19685039370078738 0.673076923076923 4.444444444444445 -2.625 4.923076923076923 1.0444444444444443 1.6548672566371685 1.6829268292682926 1.3555555555555556 1.0 0.10714285714285712 -2.357142857142857 2.6818181818181817 1.031496062992126 0.48780487804878053 0.017857142857142856 1.6511627906976745 0.5804195804195804 -0.049999999999999996 0.7571428571428572 0.74 0.8248175182481751 0.6307692307692307 0.24137931034482762 0.13333333333333333 0.13513513513513514 -0.3 -0.5419847328244274 -2.098591549295775 -1.6122448979591837 -1.1782178217821782 6.846153846153846 -14.2 0.2 -0.7697841726618706 -0.7032967032967032 -0.34497816593886466 -0.584 1.3846153846153846 0.904109589041096
