.ipynb_checkpoints/aspect-checkpoint.asc
ncols            344
nrows            393
xllcorner     37393081.8093
yllcorner     4168011.4434
cellsize          50
NODATA_value      0
[rows 184 to 206 of 393, columns 0 to 51 of 344]
4.6521739130434785 1.3888888888888888 0.5957446808510639 -23.0 -0.7323943661971831 -0.5692307692307693 -0.3298429319371728 -0.0 0.3877551020408163 1.5 0.04166666666666667 0.15789473684210525 0.3883495145631068 0.6137339055793991 1.0217391304347825 0.6767676767676768 1.1379310344827587 1.0935672514619883 0.7163120567375887 0.38738738738738737 0.12 1.777777777777778 0 0 0 0 0 0 0 0 0 0 0 0 0 0 0 0 0 0 0 0 0 0 0 0 0 0 0 0 0 0
0 0 0 0 0 0 0 0 0 0 0 0 0 0 0 0 0 0 0 0 0 0 0 0 0 0 0 0 0 0 0 0 0 0 0 -3.2162162162162162 -0.9595959595959596 -0.5675675675675675 -0.435483870967742 5.363636363636363 0.30275229357798167 -0.2830188679245283 -1.4782608695652175 10.5 2.6896551724137936 1.4601769911504425 2.0425531914893615 -19.4 -58.99999999999999 0.09259259259259259 -0.2857142857142857 -0.11111111111111112
-0.14814814814814814 -0.13333333333333333 -0.3333333333333333 -0.24848484848484848 0.07017543859649124 0.5238095238095238 0.3642384105960265 -0.15 0.5206611570247934 -1.0943396226415094 -0.9701492537313433 -0.37209302325581395 -0.4645669291338582 -0.975 -0.9689922480620154 -1.4848484848484849 0.06382978723404255 0.7857142857142857 4.0 -2.0 -0.21428571428571425 0.65 0.29787234042553196 0.01075268817204301 0.051546391752577324 0.24 0.3710691823899371 0.5263157894736842 0 0 0 0 0 0 0 0 0 0 0 0 0 0 0 0 0 0 0 0 0 0 0 0
0.06422018348623854 0.1639344262295082 -0.10144927536231886 2.037037037037037 1.619718309859155 2.9322033898305087 4.9459459459459465 4.297297297297297 3.5789473684210527 5.0 -0.75 0.3783783783783784 0.9142857142857144 0.9090909090909091 0.6744186046511628 0.8571428571428571 2.7837837837837838 1.8333333333333335 2.185185185185185 0.38738738738738737 0.541899441340782 0.39130434782608703 5.909090909090909 -4.777777777777778 -1.1454545454545453 -0.14285714285714285 0.425 2.3777777777777778 2.125 1.0416666666666667 2.111111111111111 -1.0476190476190477 -93.0 6.333333333333333 -0.39473684210526316 0.12418300653594772 -0.037037037037037035 0.2892561983471074 0.25203252032520324 0.15254237288135594 0.27710843373493976 0.14563106796116504 1.4827586206896552 1.2166666666666668 -43.0 -0.10112359550561797 -0.015228426395939085 0.04918032786885246 -0.00819672131147541 0.023696682464454978 0.9047619047619048 -0.5352112676056339
1.7083333333333333 7.75 0.75 0.5529411764705883 0.7000000000000001 -6.6 -1.2535211267605635 -1.8181818181818183 0.5268817204301075 0.07344632768361582 -0.19736842105263158 -0.8666666666666667 3.923076923076923 -0.058823529411764705 0.05185185185185185 -0.23255813953488375 0.6056338028169014 0.20779220779220778 -0.6 2.0476190476190474 -6.523809523809525 -2.5833333333333335 2.2500000000000004 -0.13235294117647056 -0.23529411764705882 -0.13978494623655913 0.07407407407407407 0.5 0.43478260869565216 0.26153846153846155 0.5625 0.45341614906832295 0.7727272727272727 1.1869158878504673 0.773913043478261 -0.06896551724137932 2.9047619047619047 1.0952380952380953 0.589041095890411 0.2631578947368421 0.1272727272727273 0.09090909090909091 0.29333333333333333 12.5 -1.2571428571428573 0.07692307692307693 -3.0 -0.6111111111111112 0.728813559322034 1.3148148148148147 0.6578947368421053 0.456140350877193
0.7916666666666667 -0.13749999999999998 -0.1473684210526316 0.5 -0.03286384976525822 -0.030837004405286347 0.12871287128712872 -0.5333333333333333 -1.2333333333333334 -1.2407407407407407 -1.1818181818181819 -8.466666666666667 0.868421052631579 0.17766497461928932 0.8 -0.12195121951219513 0.03125 -0.026548672566371685 0 1.4536082474226804 1.233009708737864 -0.6 -0.2477064220183486 0.4893617021276596 0.2205882352941176 0.08860759493670886 0.3846153846153846 1.4285714285714286 1.2249999999999999 0.38 -2.7777777777777777 5.947368421052631 -7.31578947368421 -2.6296296296296293 -2.1785714285714284 -5.0 -5.75 -2.6153846153846154 -3.8 28.999999999999996 -28.999999999999996 -0.7894736842105263 -0.4915254237288135 -0.2631578947368421 0.8260869565217391 1.6666666666666667 -0.12820512820512822 -1.5217391304347825 -1.0555555555555556 0.0 0.47058823529411764 -0.01818181818181818
-0.019230769230769232 0.4774774774774775 0.33783783783783783 -0.5151515151515151 -0.47368421052631576 0.9393939393939394 0.978494623655914 -1.121212121212121 -3.0 1.0606060606060606 2.666666666666667 4.833333333333333 85.66666666666667 3.352941176470588 1.5037037037037035 1.1791044776119404 0.5689655172413793 2.0303030303030303 2.692307692307692 2.162790697674419 0.6938775510204083 1.2244897959183674 1.2156862745098038 -0.5714285714285714 0.6 0.8681318681318682 0.4931506849315068 -1.2622950819672132 -5.7407407407407405 -2.791666666666667 -1.296296296296296 0.6666666666666667 -0.3272727272727272 -0.6237623762376238 -1.3333333333333333 -1.853658536585366 -17.545454545454543 0.9583333333333333 1.2857142857142858 -0.058823529411764705 -0.030303030303030304 -0.13333333333333333 -1.8837209302325584 1.0672268907563025 0.57 0.5083798882681564 0.6893203883495145 0.07142857142857142 0.41379310344827586 -0.015625 -0.15337423312883436 0.043478260869565216
0 0 0 0 0 0 0 0 0 0 0 0 0 0 0 0 0.5604395604395604 0.78125 0.9444444444444445 1.2285714285714286 1.4102564102564104 0.9733333333333333 3.2222222222222223 9.923076923076923 0.915492957746479 -0.3333333333333333 -0.19999999999999998 4.1764705882352935 3.342857142857143 1.0465116279069768 0.29824561403508776 0.6205128205128205 1.777777777777778 16.666666666666668 -44.0 -0.3739130434782609 -0.029126213592233007 -0.06930693069306931 -0.1485148514851485 0.46666666666666673 -0.25 -0.4054054054054054 0.33944954128440363 0.29824561403508776 0.4206896551724138 0.6050955414012739 0.978494623655914 -2.3 0.026178010471204192 -0.036585365853658534 0.4318181818181818 0.11578947368421053
0.0 -0.2019704433497537 -0.6551724137931035 1.963855421686747 1.44 -0.4571428571428572 -0.23004694835680753 -0.4801762114537445 -1.1188118811881187 1.3384615384615384 0.1639344262295082 0 0 0 0 0 0 0 0 0 0 0 0 0 0 0 0 0 0 0 0 0 0 0 0 0 0 0 0 0 0 0 0 0 0 0 0 0 0 0 0 0
0 0 0 0 0 0 0 0 0 0 0 0 0 0 0 0 0 0 0 0 0 0 0 0 0 0 0 0 0 0 0 0 0 0.23076923076923075 0.2 0.9036144578313253 -3.511627906976744 -4.75 1.9836065573770492 1.2891566265060241 0.4620689655172414 0.28695652173913044 0.8999999999999999 2.1707317073170733 4.586206896551725 22.500000000000004 -8.0625 -1.7000000000000002 -0.676056338028169 0.4666666666666666 0.06532663316582915 -0.0
0.2620320855614973 0.3076923076923077 0.8461538461538461 5.666666666666667 -2.333333333333333 4.199999999999999 -1.7017543859649125 -5.2142857142857135 1.4324324324324325 -6.5 -0.8125 -4.714285714285714 6.75 5.1764705882352935 -15.0 -2.217391304347826 1.6666666666666667 15.000000000000002 1.4705882352941175 -1.0 -2.0294117647058822 -2.125 -2.2777777777777777 -3.893617021276596 -11.588235294117647 -12.333333333333334 -13.363636363636363 -1.8095238095238095 -0.10344827586206896 -1.1764705882352942 6.555555555555555 0.6808510638297873 1.1538461538461537 0.4789915966386554 0 0 0 0 0 0 0 0 0 0 0 0 0 0 0 0 0 0
0.6956521739130435 9.666666666666668 -0.7903225806451613 -1.6808510638297873 0.4310344827586207 0.22105263157894736 0.45762711864406785 7.199999999999999 -24.5 1.4375 1.0192307692307692 1.52 2.0454545454545454 2.205882352941176 -3.8235294117647056 0.3650793650793651 0.7696969696969698 0.821656050955414 0.4653465346534653 2.5333333333333337 2.5217391304347823 -0.7821782178217822 -0.4727272727272727 0.3 -0.04477611940298507 2.076923076923077 -0.0909090909090909 -0.7111111111111111 -7.333333333333334 1.1777777777777778 1.041237113402062 0.4042553191489362 3.4000000000000004 0.5662650602409639 0.5543478260869565 0.4899328859060403 -0.3 0.4573643410852713 0.8181818181818182 0.3829787234042553 1.3076923076923077 0.2765957446808511 -0.4042553191489362 -0.711864406779661 1.7999999999999998 -0.30357142857142855 -0.2624113475177305 2.6470588235294117 -0.5 -0.16939890710382513 -0.23577235772357721 6.333333333333334
-0.8769230769230768 -1.3018867924528301 -0.7192982456140351 2.0588235294117645 5.666666666666667 2.3076923076923075 0.4166666666666667 0.2830188679245283 0.07692307692307691 0.19791666666666669 0.14035087719298248 2.066666666666667 -0.2272727272727273 1.1333333333333333 2.230769230769231 -0.6974789915966386 0.049999999999999996 -0.2702702702702703 -0.08860759493670886 1.6363636363636362 2.6842105263157894 0.7777777777777777 0.2558139534883721 0.09999999999999999 -0.15 -0.2027027027027027 -0.5714285714285714 -0.38053097345132747 -0.23529411764705882 1.4313725490196079 -2.8 -13.4 1.1176470588235294 0.23232323232323235 0.5459459459459459 0.776 0.3291139240506329 0.08928571428571429 0.3454545454545454 0.24615384615384614 0.312 0.29824561403508776 1.0 -8.555555555555555 5.699999999999999 3.0909090909090913 -3.1904761904761907 -1.9615384615384615 0.8823529411764705 0.855072463768116 -3.344827586206897 -1.0
0.31313131313131315 0.4597701149425288 0.8390804597701149 -0.46428571428571425 -0.15348837209302327 -0.11475409836065575 -0.07462686567164178 0.046357615894039736 0.35877862595419846 0.7829457364341085 1.0303030303030303 1.7999999999999998 -0.0625 0.39181286549707606 0.5641025641025641 0.7297297297297297 -3.4000000000000004 -0.17431192660550457 -0.21495327102803738 -1.4782608695652175 2.673469387755102 1.8172043010752688 2.0120481927710845 2.2238805970149254 5.518518518518518 1.691358024691358 8.818181818181818 -0.48936170212765956 -0.5161290322580645 -0.03797468354430379 -0.04191616766467066 0.04395604395604395 -1.3225806451612903 -0.31277533039647576 -1.282051282051282 0.9166666666666667 2.794871794871795 -0.32515337423312884 -0.2558139534883721 -25.0 -0.07526881720430108 -0.36470588235294116 -0.08695652173913043 0.4567901234567901 0.8181818181818182 0.4736842105263159 0.05263157894736842 -0.11111111111111112 -0.24324324324324323 -0.35135135135135137 0.2 -6.636363636363636
6.199999999999999 1.272727272727273 10.111111111111112 12.076923076923077 -7.0 -2.3333333333333335 -28.199999999999996 -29.499999999999996 -4.125 1.829268292682927 11.666666666666666 -6.916666666666667 -13.0 -2.675675675675676 -3.5999999999999996 46.99999999999999 4.0285714285714285 2.2747252747252746 3.0697674418604652 -15.375 -0.9368421052631579 -0.5157894736842106 -0.33333333333333337 -0.4716981132075471 -0.6018957345971564 -1.9130434782608694 2.3125000000000004 1.348993288590604 3.875 0.48760330578512395 0.4285714285714286 0.2638036809815951 0.18435754189944134 -0.5357142857142857 1.525 -26.2 -0.736842105263158 0.8840579710144928 0.5146443514644351 0.45544554455445546 0.3333333333333333 0.7175141242937854 1.9736842105263157 2.0526315789473686 1.3448275862068968 0.37373737373737376 0.3989071038251366 0.5307262569832402 1.2857142857142858 0.2558139534883721 0.5176470588235295 0.7383177570093458
0 0 0 0 0 0 0 0 0 0 0 0 0 0 0 0 0 0 0 0 0 0 0 0 -2.9104477611940296 -3.734693877551021 5.083333333333333 0.2894736842105263 -0.016216216216216214 -0.14285714285714285 -0.14084507042253522 -3.571428571428571 -0.4054054054054054 -0.8076923076923077 -2.5081967213114753 -6.583333333333334 1.0 0.12359550561797752 0.0821917808219178 0.21153846153846154 3.428571428571428 -2.3333333333333335 0.5180722891566265 1.04 -1.6206896551724137 -82.0 0.9019607843137255 6.199999999999999 -2.56 -9.705882352941176 4.846153846153846 0.8082191780821918
0.37142857142857144 0 0 0 0 0 0 0 0 0 0 0 0 0 0 0 0 0 0 0 0 0 0 0 0 0 0 0 0 0 0 0 0 0 0 0 0 0 0 0 0 0 0 0 0 0 0 0 0 0 0 0
0 0 0 0 0 4.076923076923077 -5.470588235294118 -5.0 0.05084745762711865 -0.15942028985507248 0 0 0 0 0 0 0 0 0 0 0 0 0 0 0 0 0 0 0 0 0 0 0 0 0 0 0 1.4444444444444444 0.8245614035087719 0.3731343283582089 0.48717948717948717 1.0481927710843375 1.9859154929577465 0.7323943661971831 0.3333333333333333 -1.048780487804878 -0.17857142857142858 0.11949685534591195 0 0 0 0
-0.5531914893617021 -1.745762711864407 0.8117647058823529 0.5616438356164384 1.6 4.692307692307692 5.0 2.3513513513513513 3.9767441860465116 -3.4 2.590909090909091 0.7113402061855669 1.0 -2.0 -1.125 2.0526315789473686 7.428571428571428 -1.492753623188406 -0.7209302325581396 -0.25 8.0 0.0650887573964497 -0.21518987341772153 -3.615384615384615 3.8108108108108105 -2.191489361702128 -0.13924050632911392 -0.03759398496240601 -0.31182795698924726 0.1636363636363636 0.07172995780590717 -56.99999999999999 1.1587301587301586 0.4576271186440678 1.05607476635514 1.459016393442623 0.014492753623188408 0.4047619047619048 0.3509933774834437 -0.4285714285714286 -1.1379310344827587 -0.4246575342465754 1.156862745098039 1.0431654676258992 1.5769230769230769 1.7058823529411762 0 0 0 0 0 0
0.37297297297297294 0.5833333333333334 -0.20289855072463772 -0.6875000000000001 3.685714285714286 1.488888888888889 -56.99999999999999 0.3090909090909091 0.648 1.0206185567010309 -6.5 -2.0384615384615383 -3.193548387096774 -2.076923076923077 -2.6 -8.454545454545455 4.405405405405405 1.7692307692307692 1.4259259259259258 0.7659574468085106 0.0 15.0 -0.578125 -0.6535433070866141 -0.46666666666666673 1.7619047619047619 1.107142857142857 2.096774193548387 -1.8888888888888888 0.1452991452991453 0.18592964824120603 2.1999999999999997 0.4337899543378995 0.5537190082644629 -0.2692307692307693 0.23655913978494622 0.4418604651162791 0.6235294117647059 2.28 -2.4444444444444446 -1.0816326530612246 -4.0 0.2631578947368421 2.0833333333333335 36.0 0.024390243902439025 -0.5395683453237411 -0.40789473684210525 0.4 -0.45911949685534587 -1.528301886792453 0.5772357723577236
-6.0 -4.1 53.66666666666667 2.4545454545454546 1.0898876404494382 0 -4.885714285714286 2.0749999999999997 1.4893617021276595 1.5588235294117647 0.9272727272727272 0.5 0.6507936507936507 0.5211267605633803 0.6209150326797386 0.8195488721804511 1.0235294117647058 -0.6551724137931034 -0.3333333333333333 0.6 0.14792899408284024 -0.35211267605633806 -0.21212121212121213 0.39999999999999997 -0.3739130434782609 -0.9813084112149533 -1.4044943820224718 4.454545454545454 3.2105263157894735 1.2249999999999999 -0.8222222222222222 0.23178807947019867 0.29292929292929293 0.1627906976744186 0.11764705882352941 -0.3925925925925926 -1.7532467532467533 10.200000000000001 -2.132075471698113 -0.85 -0.12820512820512822 1.1724137931034484 1.2376237623762376 0.8791208791208791 0.8633540372670806 1.8636363636363635 0.08333333333333334 -1.7317073170731707 1.2571428571428573 0.3869346733668342 0.4464285714285714 -0.01724137931034483
0.7938144329896908 0.6103896103896104 -1.0 -0.4594594594594595 28.999999999999996 -3.3 -0.3333333333333333 0.4366197183098592 -52.0 -1.8493150684931507 -1.4864864864864866 4.111111111111112 -3.5882352941176467 2.8048780487804876 1.1728395061728394 0.6 2.6363636363636362 2.725490196078431 -4.199999999999999 -0.34782608695652173 -0.45454545454545453 0.18518518518518517 0.3333333333333333 2.3513513513513513 1.6521739130434783 0.948051948051948 -4.6521739130434785 -1.3157894736842106 1.2142857142857142 -2.2307692307692304 1.627906976744186 1.3826086956521741 2.0508474576271185 1.875 2.7391304347826084 6.555555555555555 0.2207792207792208 0.7083333333333334 0.9120879120879121 1.2784810126582278 1.357142857142857 0.3650793650793651 31.0 2.1724137931034484 -1.6741573033707864 -0.29936305732484075 -7.249999999999999 -1.3448275862068966 -4.575757575757575 -4.5675675675675675 -4.0 12.285714285714285
-0.1368421052631579 0.13821138211382114 0.43434343434343436 0.2888888888888889 -1.631578947368421 1.4117647058823528 1.1126760563380282 1.1052631578947367 0.6290322580645161 0.2293577981651376 -0.39285714285714285 -0.3623188405797102 0.0967741935483871 0.5324675324675324 0.7910447761194029 0.8936170212765958 1.2456140350877194 1.0683760683760684 0.36690647482014394 -0.07042253521126761 -2.185185185185185 0.8133333333333334 0.8369098712446351 1.2318840579710146 -0.3739130434782609 -0.19999999999999998 1.4299065420560748 0.7890625 1.1052631578947367 0.3090909090909091 0.3596837944664032 0.014492753623188408 1.0 2.5217391304347823 -0.7894736842105263 -0.5499999999999999 -0.3902439024390244 0.027522935779816512 -0.41463414634146345 5.0 -2.0 1.8771929824561406 0.7738095238095238 0.5443037974683544 0.5728155339805825 0.7096774193548387 -0.2 0.13461538461538464 -0.33333333333333337 0.5529411764705883 0.930232558139535 -8.555555555555555
